-1648377263
-828052155
-1759785221
2092169150
944167583
-182522599
590614619
-786213862
1935910638
-90907251
-1907261539
-312334721
-528143512
1282068732
1228149111
586348558
1585410019
-703478518
-1199130542
-1269977230
344550395
-360872458
-272718071
-2137319851
-1444212357
-1564150991
-1989837841
-576798187
-745072384
900299060
-894658538
-2004200521
914519264
-1975790450
1229465294
1924154139
-1639608761
-324963780
-579561108
-876893839
-1313754973
-396426948
519150412
460701419
1422346049
1153567076
-1628847592
-2005336140
1595920696
1867291503
-1569817015
-893572064
-240603259
312700504
899944429
1877383203
-1531301513
-1884291606
-281967701
1727430151
-1033338035
-1079148904
-767230972
-1734260647
1856135965
435206793
465357531
745211684
-913588234
-1398264841
-519430346
-424863
-289364151
2110974137
-1251325114
2031004589
135210116
-427674851
-933239132
-493536964
838661887
1734525947
1596281053
-850074611
-2041036261
-1077403130
778459184
-998082721
-2090820696
-1186620827
-98105195
280203107
386407559
-159011199
1268377345
939846962
-1683859568
231344928
-804774680
-1816291840
-128886091
-1953801037
-1525524477
1369977234
702488167
-112093973
230253139
-587244563
-1431042248
1431467409
-1526090140
1063312975
1484873153
1106080918
2134217686
151454562
-1908350779
-1510388375
-325232615
-1480164689
-1885809258
558420872
-469885065
1765965648
432421559
286382682
-436538793
1303393769
-601554750
1866090042
1689584319
412972505
-913805940
2067569366
309050906
-205622869
303304070
1150720698
-1436174533
1879634642
895997797
583650343
-873485151
-1566892907
-185047547
1058993961
-665899268
-1604916664
412511370
1037758696
-1235571729
1140513980
1907804360
279201853
826335511
974359288
2000607204
532588424
-400164020
-72807896
967766331
1824128960
-2116229594
390488277
2025794434
-1803497269
-412643389
-953648810
-568274899
-1181605105
-2125388602
-297449595
-10936044
1189676616
-207517534
-1280109130
-523217836
568109467
978947607
-805098267
-2139493773
-1839111957
-1185172484
1772244014
220840647
-960222356
916286015
-142302335
586912279
394235765
2025399082
-477477483
-748118142
-631119975
-1766214425
-1687927524
-1291719777
-953533193
-595865786
-426643143
1300440549
1547889361
2039122364
-443488978
-1923804083
-577452197
992497070
953278298
198988085
181992917
361079023
-793799839
1046184839
1938507227
-1069837177
-1580995668
-973179622
-571456517
-1355293770
1842048532
857058136
-506929272
128241464
2014164953
-1847564768
126132653
674750665
4015320
-2067978004
793932228
167068394
-550504963
1383543350
160449256
975161573
1895107317
-1712749289
688883400
-738704625
-555449560
-1533646543
-391284290
-1855988915
-712042010
308053199
-1910793185
1755657688
758469087
-1352600246
-458887980
-470001084
719274968
886573486
-242632407
1486727357
-610917220
-473136228
1766397412
-796369004
-304368080
-526417295
-1886104167
245986553
378214473
-453411673
455348284
-907032310
-250500094
-695800965
1500745720
-1931283444
-827982135
-1990095664
-51071170
-1797114633
-1475481446
129064787
-397167584
1518683191
1894025584
589216990
-1410198306
-470741327
627257847
2053191457
-584707647
-1366385405
-877051003
63773311
-1706811353
1873980176
859317067
1065073461
1883644639
2007544763
-582394681
2127098049
4508598
-2139327247
1099394941
-442342527
-1725103535
-1106694163
-1901509659
-2100588391
-161192899
1065757110
1618705318
-788289510
1135424068
3944428
1327632645
1109961055
-892649726
1300768197
546306455
-515546694
2104537783
-1744118447
432652350
1194209616
789755997
220643589
-43824558
-651511231
1672701949
-386920074
-1359463395
-1066869237
1269793342
-943932572
-345919347
232238383
-562835138
365758970
-1302120412
-959501035
535249572
1398192467
-1145810125
-36431828
-476836107
1070607680
-303375546
-569050027
-697597401
686936136
1293815778
-1842324607
296040819
-591405329
811678317
-173428072
-537662865
-363912389
-340779667
-160593252
-279509157
-2028247949
517382901
-1088227314
-1234053958
787386153
-729776549
638266512
29738020
-960243333
-701188818
1159069387
615983194
268593044
-1915993242
-1998812014
958437018
-1256246151
1781681885
1268865863
-810907339
1399735042
-1490051586
965188221
-396224674
199711525
636110267
707357919
-2023565757
1176688506
-2132950332
-607167665
-1709885599
571950842
-241241611
2080986705
-1748764652
1315497738
-335373297
982247850
-1721731475
-1767360072
1752467626
1010468420
-378077369
-18006973
-776450966
1064437332
-204379748
-317652512
-131316111
-1640706114
1163367188
-73419077
-1858436844
957102263
228757983
733564731
-601200176
1015616172
1974513603
1370974090
1900123262
-846758046
-1619688840
-1596778668
-464454202
66614365
1373812019
-59916851
1404010705
1798672518
431708032
1313606137
-1082559422
-1744164857
-95632044
809681703
-705125787
-2115589511
-146441118
566826430
-258535255
-866007231
-1416400211
-1361287109
737299019
1383920695
2109260382
165543033
-1395908012
878197383
-1717649705
-707600077
1307648197
-1403294244
-941832441
770897863
-1610871025
-1197919814
870934783
1392251452
-2040440888
-2104331989
-1157518651
176844166
-56349284
-1731777379
234589288
1762135048
105033089
-588529142
-1242163372
-136792999
1258647598
1030230873
1747619559
2004916298
-349028659
1261973252
1564972611
-1394612185
585686766
-996385030
-34054299
159241789
216803775
-1417625147
-439928970
-1518219620
1518920314
1113772527
1353450593
111273758
-76611554
-973242462
-1551071323
-298202201
1013538401
1131069582
503151211
-1037194579
-768931356
-67913202
1894831835
-1133451782
86547368
1068951949
334422698
-1941926992
-404269120
148762406
-1237528841
1721621390
1100153672
1351802506
472711511
429218929
-297359979
-1619051994
2013420078
-1012709860
-1534875475
-1415775099
-896463808
-1907473605
-954856199
2126795762
-681780857
-1256337500
-1822710728
451343457
-1818375866
950122208
818907063
1955865486
-594433186
-1533774102
-149275202
-395386010
1897004255
276466486
1861894733
-1494098266
969605601
129819636
-681580792
2037578690
-2081806187
-513995371
1045610095
1712503303
-253294186
-1807364978
-471464367
610385155
342595972
-1675415205
-1209743998
-1136055772
1821728723
-1478924090
1479905483
-1570194274
169002720
-1369322392
1098984225
-353913966
-1438852795
-1924532368
-1801030374
-605815188
-1770061715
1703469986
1295605660
92097420
-2023516054
-1273343326
1592907223
-1255154392
1471507717
1410402162
1959449204
-418559889
580088854
-1546349511
-69135346
-274758926
-1487578858
1732755526
1898194145
-819666369
-2064339470
1893780051
987998656
681177551
630707489
-594736371
-1989268404
250626849
1998125304
-1127367725
462804066
2132778022
-801856452
-1928075842
1480770773
1353787359
2024853497
-667042591
-327020707
1849331012
512129681
393735121
821785550
775491687
1344609303
1894355815
-1582866804
-115662375
-1383560227
1186595524
37870141
-45547444
-1940968629
1382771605
-1467062080
1541623929
-7902734
-1233774953
1313601374
-218575036
-1614219552
616815709
-1359519169
308445725
-1264635083
476309072
-1267844321
25692584
-225461770
-1077216265
-1469397183
742652575
1784746272
-814423943
-1829934941
507142391
1676859392
-1627421601
-566827406
-1804480191
574228161
488705949
2067417280
-283005869
1007227718
1030096850
-56345741
665745703
-1485500614
-1112205618
-1912525696
989296898
2032538468
-1519766187
-546662055
883349976
-286094273
1085488674
1471627172
-681039122
-1156957239
1291070766
1454449964
1174337473
-739310437
-1701212367
1905240860
1014082854
-892939719
1780737385
1025712234
-451203918
-428658005
362742169
-33388656
1438102107
-477072052
1231330900
-18644095
1520955486
960979681
-952518790
323985370
-1527806620
1845093100
-775264509
543778904
1344418016
1048846914
1417693691
1235682186
1254451642
-732885285
1357623757
1804551367
-1679672527
-887472919
1069032899
-303994527
366840828
1947765035
-609683252
677311770
1869296563
1256983682
832763776
-856530474
1238532717
1977038020
227832417
778344082
-1778311511
139597519
-1319294876
662591892
1783848305
-2118627871
-1259612753
-1433259548
1875343548
723844135
-2048955742
540961786
-121419757
-592068461
89534235
754857400
-605397128
-1129925134
-1938467338
-484702822
-1124288382
2001129277
1071105234
-251215573
1385449932
-1897585362
666571802
-701606214
-468045680
-607319786
1521355587
1503903309
95572110
1601171693
-1963713198
1627624918
-93942222
-1204186966
403024289
1257360548
-37157131
-293882667
231539937
970986012
-2015958014
-207310247
649891426
1631583144
-832838883
214728606
1692030354
-1277356562
-525332032
-573453609
1554125762
86660420
-1414973818
-738090600
325484080
1007786340
-1908837171
198802858
-706268095
59455580
1639757461
1444727586
-1419719155
254723271
-1918908242
-495699024
-911159519
-1622310079
-350579438
308181812
2021622143
876233495
-2056708209
-1549854314
805174505
174689854
730146985
1725021654
65461854
-196057978
-65234243
311752289
-380341275
-761858545
-1583405719
119618214
1978097800
1519915259
-1929401557
1716908521
-186319709
360527461
-1200855736
982487895
1000666718
-1026389360
302703086
1345794905
1712977527
1064113251
-1074577252
1143804460
2126073156
540082197
-1132965695
1362427825
918678520
-1360209628
2055239331
-509302655
-316461532
1901719434
529365634
1979785284
-951568511
-694068173
-1706056196
1044004163
135588332
-909616983
1132647347
-687367878
-626149455
1583210000
-2120592084
282348402
-1334585845
1945026393
-257240326
-421285873
540251115
1399108274
357534491
-584396634
-266675976
-221774276
-2059759199
-1359003118
-387313449
-1356678144
2029385620
2037746568
254936747
348121378
-766116842
-1755944217
2073392351
1525658711
410692552
187927124
-584233694
-585252972
-1354657172
999914246
-1785004877
1587366151
2062443212
-1494873763
-1253822242
-1000706230
735819993
489111097
199745477
383714518
-143435242
-1613192823
779393379
-1291016523
-1916823498
-1231449566
721708238
668273275
-1948403196
1582352081
-1755140677
643086198
-1917612414
-1830925133
1774519879
1598267172
-1027043755
1136563907
1453834484
535972069
-1656410273
-1894354252
1045145329
-515799823
-853455187
-1110903040
140660381
-546448757
1454691476
1538637376
1766512206
-915987082
-1318324458
709821374
-1172764851
-452979032
-1684881783
-1499695800
-675470043
-506950595
-1186877318
-1749496250
-163386083
1780544686
1353696462
354783246
1333955074
809775426
332138794
-1104057481
1762033705
1323871171
407082644
1516449708
2006308275
-504327307
-96551590
-945532350
-939394286
1991013699
-446002382
1124295819
1892431820
-1951227077
-2121134174
-1650980308
1328455550
-1316937924
-966983007
-2053683988
542167844
-834208530
-1426083458
2101357007
-1791946089
-1685229839
-855484927
-2093591709
-2125569450
726135640
855915471
-2090818216
-1314338424
1314280280
-1883154414
-373803690
-814158783
1073375804
350697305
-1159959285
-1336900092
1533994908
1454400956
1442756994
543787144
-1444183859
-1223969469
-100049989
335667903
1261847963
-1417214329
-1442173321
234763283
-1867969483
982218650
-2078050990
-1125257230
-980604824
-1393353437
-942536425
1747957132
790553104
