-722120632
2042355926
789020095
-2117569422
1121118198
-946269364
1673666507
-1475069591
-1536640369
1643874831
-1787889369
-1935410215
142405116
105145066
-1371264501
-1015128672
1219916744
2006070588
142061244
723039059
1323170051
824053262
-1530876911
1305686134
-27037590
1600362855
1191346226
-1265687834
-1095787836
2039614687
-695100509
1185477017
-648334962
1988667249
2013161088
-502869366
-992241702
-1988437355
-1840073206
-1685558290
-1831914125
-276467570
-2056087967
1412617387
-15605691
-1841347584
2065263763
-180901878
-1671170053
-521839419
-336022315
464330922
-889907223
460031488
789438735
-541561161
516784940
-1917341327
1989745565
-1052066468
-1642090736
-1495286774
-998837677
1638177654
1815973809
94791619
-1422185022
1138408329
-1820095772
703438506
-1299490631
1121074935
1497707863
2007061309
1075559438
534380654
-387564042
738169339
1402589854
-1788243550
-519296112
928487480
-822380143
-1125785540
-42217286
346227760
-1906679582
-1881754095
1946130931
-2097581473
519536670
-1946711914
-1058924024
-737141745
1551537003
1765886867
1381660858
-1946399950
-901913397
-1196279017
1744742301
-1702316175
-726211166
-1250701141
1579778370
584786052
-1190110091
-1890691126
-1417595240
-1003963964
387132148
-1336093296
-491999601
-1425196290
-406392775
-1611974736
-905135107
2013375113
-100398254
76807851
-382186043
-1448266598
834978300
928110398
105446709
-1164205098
-1617195087
-611526885
-705192272
1451904808
1737548005
-59617060
1600043148
-583692076
705347211
1902211892
825427005
345905868
-897241635
1629890407
-794796622
1147059266
-1626716067
-111222021
-1275345665
-1675596674
616910870
469852335
2069976635
2042867440
-1443085273
1539142828
-379626581
-306994040
409975169
272396282
-1136796129
1581801029
1423506415
942589749
-142321764
-614251252
-314918058
-536809345
1398107194
449424058
3721534
-1540641608
1850920271
292477052
401582736
-459067412
1966713549
522202717
-619904607
1328274701
1267357416
236660768
-210365330
1871874273
-795607045
406739791
-623250647
305231933
-1100503892
1694745235
-1486814476
101354867
1388553805
1199827526
-1115426581
1934776584
-1757700731
-5844410
70275432
-1060175446
-1141484241
245405964
-301895807
1361655648
-1181347967
-903527428
834146517
410822147
-511870607
-727697154
1032073608
-1118266644
1508241491
1618033996
1751121035
775475694
-748552762
-1577448051
1122731040
143236486
1236348369
-580590813
-1842544995
264887889
-126311608
-222463296
-627995793
630226365
398855796
-495226817
-1664695199
-1922932733
-1703351822
1194722225
-1329225954
-727645868
1409819099
1277598645
2045469428
-156683694
1238927653
-325019380
-108677414
2059184065
-658849464
-872788117
1208159156
2076725630
-143820764
1355560851
2018043604
616869039
-1788141535
-819417441
-523906876
-24345285
-1609005417
-188754276
-1024660414
-119940484
-103027600
-1391956898
405109131
-689972429
-319126260
-1145067887
991480284
1140075708
-913014940
379548174
1240295221
1831399810
955645297
-448028817
-1851362209
1692156596
-755655218
627824100
1892321584
-1806102216
41909148
2045861704
-941256946
284205535
-1091188571
887431535
-441622095
1018370267
-285317693
1410029761
-1966524372
-765409171
-253289086
-412096501
314055213
1872049890
725640452
919032212
1951589763
717754303
938002213
1421716847
-651515936
-2083556293
583097822
-1760677617
936136928
2018664173
-437912082
1691556896
637468745
558960325
1036646582
-752410988
-39684972
-1764446912
-1169909660
-936473605
891772332
-97082409
-1801012652
-1758466025
1005819893
964908216
-257610830
-758589265
1335923599
377694903
1283042403
365226147
690121691
623916167
-1370047451
-1125480384
1690989373
789430052
-1603758604
-1921923371
2113943331
-969235565
-77595217
1913602438
-1145552826
-613532723
1881785339
1288053599
-1654648017
412824312
1849697383
592548524
493565181
1173529816
-1959697967
136781703
1596274788
2075476100
-1278655225
1209599921
1160320761
-1343790500
-704552528
-575118427
-1390519636
-690464454
649479533
-1794862870
409000852
1337740007
-715262662
-722047576
-666888718
1721461711
-1126277862
-1236584066
600792175
-103776776
560502259
14430098
219179688
-1501836496
-1440209482
1208823273
534125548
-1813049722
-1058824766
-1397883401
-1772795325
225050874
1000225674
-1672539527
-902424142
-1966703241
1931505524
616812163
-1386728514
-1087475711
-1756926460
1536797140
933279533
1608844330
2103062329
-1108556175
1867571219
-405813558
1067745335
-227030160
-607081460
-301748498
-1501623515
-1220142828
801701573
828719632
1945467224
189573658
-350418239
816465800
-1431694416
1939813970
-938802598
-1476477118
-928479934
154954352
1689801988
863375281
-1781554121
1355106595
-1276248871
1787600643
-1651219213
-1776219801
151887953
1284328342
593386361
340788759
-997159856
-1158580310
1776316173
-624586043
-1142044059
-318137258
1993778202
2127153613
-237709488
1520932800
800858198
-438196313
1451146693
560147080
1067109667
390924157
1538234735
-1532733308
-867681224
462378237
-1189165513
1395040434
-1602637184
-1427044497
-593739835
-2140979094
1112767809
1144338953
28177734
-58722861
28702081
1285551490
-1496836753
490927511
-1865624156
-148963612
653235906
-983300134
1250674009
-617594970
1170636816
1620967527
537739191
-1438770439
-571099842
-245168596
-579389534
886785122
115362891
340352488
1398480499
-1513297016
-1698124143
476949538
415051992
1214992719
978324042
778232412
1447636471
2009995812
-1313023915
68635528
184081625
633008538
-134383046
-23499845
-808254458
1218597686
455619691
-2111920352
-2119190677
140479622
311036108
-1470569426
-1084678012
-1624355720
527054197
-330851043
-1775360842
412701672
-1413456970
344200341
1776193020
-1203037318
1031246683
-993025624
1663998406
1206026921
1840836144
1889945346
-399896035
-1837442016
-228839481
101124447
-1676847862
1069017928
-1002062472
1690745148
-1733497288
874227489
-1536882007
1524179921
1418372824
-764094891
-1837693618
1682431805
1917923268
2140330122
-656128333
1162683907
1717422567
-1084477193
-934605704
-511937099
-141455141
506111546
130104797
-1958091538
-2011542573
-467072153
-321191616
-1227070332
1400694970
-1482946973
-733567518
1093033982
1462371740
666920819
697755121
-872189629
-58250171
830400015
786482370
1892752276
1289593895
-2099357956
-1553822371
-672939588
323616384
-551899239
-406997698
-1416082554
-724188996
-1931974024
-156915878
618016366
-1785278185
-548331216
-2038318241
-874721894
-2126083706
-607162512
2074139968
1718773002
1752995031
-2086833321
-813586192
-885394418
-1479017962
1491762947
-1868956051
72932088
774044210
-1067331736
993350143
-655613933
-2010864671
1651858530
-2018427711
-1202155565
-694337088
1945966092
-925626016
-880792499
2065237693
922493778
-26117854
26910697
-585720648
1197667780
21847338
-1609193643
-1867155096
-1380038995
1433247737
-1178753348
754589051
-667922076
-1274057928
-121774537
1878303233
-1307386143
-1233316428
202043779
-1124583414
561378962
-212998743
1925297908
1121484429
1352157295
-1737936062
707756458
134992523
-978082740
431664992
1020812033
-153092749
1716064877
-149040486
1562566477
-1360992824
-239247009
803387524
-1936150073
543630848
718290181
-2018579660
2082847681
-1237406289
226829040
-610213119
1907338017
1572065508
-524892172
130367118
1728209932
156723667
1426244343
542701318
212163041
749793459
-280719092
1749292200
-604437656
555724265
-1061927233
-1695766650
1580916298
-996513178
-1959886158
-80082808
-452872764
-200326580
1517319528
-1868781897
-1146412905
-1424261673
-596897184
-43064136
592341571
-1678928774
948289125
474466965
1935170419
1788984904
1087246116
-870281277
1932957114
1904981909
-564170753
28983648
1420850816
98999005
-466567136
-675215173
-1107905226
-1198656284
-1356120625
855561753
-1655557936
-2098104547
1751339784
-322473034
1374527604
1470557263
1949898568
-538688247
1153244015
773084021
-1071736153
-1142540724
-985551768
-2082061083
-1240510933
-64446405
-1089051689
61146549
-1314579110
-1556601829
974626231
-1208160934
-865268464
-2063809539
382496377
91554193
-1360628845
-1707689149
-691705028
-895947647
380968420
1926355811
-1406975685
524923169
-767560105
-896831253
1739247750
2033893847
-1015349147
815985860
15973877
-1546166943
-667632191
-804385350
1805234264
1193694712
-349417304
-1507023301
-1238913805
1509992114
-541659267
-763225506
1056458537
575765287
-2028962412
1589953063
1203541878
-2007200425
-1814274739
-1411032055
-1257820766
-630063669
-82260123
449059755
592933427
1799686649
588805000
375480558
838150946
411911404
2117778985
632576815
1823676370
133183012
290813846
1832000713
1135269949
799769274
-1437689786
531882717
577999728
1565918407
-2088298891
-468478636
-898100935
-779062010
-508790542
-2067676379
1562917661
-1981510984
479216439
956866259
-32687985
1822143943
100765370
551796537
294034015
-1689987282
-459905662
-863197047
-26588816
-1171088489
823636476
-866623086
371731630
1672633413
-48506866
-1132291776
732805694
-816469452
-1115075732
1061625961
743761910
-559487106
360429354
376617926
854404878
-750546177
-224687469
-2002742722
1923389208
1692215868
-1398735048
1978252138
-1719534547
1514915200
330886219
-1205816747
-142539672
770429511
772995885
1812639875
-1821149032
1160941536
1766199620
-1750780620
416478256
1677406797
-508493038
-576307991
485040258
-272052371
365618307
-464917209
-43782356
1549236828
1991740037
493402234
-1580300334
1805201690
799674846
1409105596
-1145119475
1575059562
-1410826439
-403608169
-99410782
2110587388
-1528771455
-662788793
-1315344650
-1130358579
938538865
-1880824412
607107521
430608334
-477567637
-50772129
638605826
-135004477
-1637470071
-1739831925
-220460750
458168686
521613809
-273900705
-1874828868
-147829524
250862957
-1277969862
-702695765
411455326
1334854203
-984278042
-1023003995
1989772746
-980040416
-1615203040
52130327
937518148
-1255315517
-934867880
-839971663
890055752
-1544113865
-1719486284
-2124561900
544189802
-1070855207
829246810
-1700512310
2027154480
-447828901
1052669166
258451062
1052431166
-1178511839
2107523417
760966220
274748084
-547712821
2121855948
1674644162
-840396333
1886135058
-1376206588
-166350457
167515878
-1136204073
-467593777
189597876
1310984543
1998539385
641408974
-810056639
-73010625
-89648282
-335831429
122026681
1404083899
1006515700
-2008661907
558068529
-626915044
1239012977
1098059994
1543069302
-465015834
1487259512
-532760226
348237701
276751164
174070150
-1076454406
-264403137
-358072190
54235084
-1325528738
-23173283
-1315900348
1394806342
-832956566
2086346913
-1570033067
1958565131
-188359694
-544673715
1999025211
-576676633
946409409
-928743208
1083686346
1850403110
-228106784
1646117343
1710704654
-1536351566
-207690984
666159961
-2021624210
-1000058784
-615472716
-723173361
-678577651
1352499334
1559621002
-343874742
1725581171
-61458480
-2093870020
1752257997
-206388628
-873170605
1459602875
-1885065723
1126843440
-1790002206
640549132
1755570046
-2062082109
1861050528
1530431822
1989354905
32311454
-1949008170
516171515
1063773564
2059435919
1258166534
13056366
1654504265
