-1585242589
-1633572731
314905050
1484593867
-1027030868
-1963552010
1736781446
-1691635471
2077678374
1434532644
-1688740281
385683091
-1826038869
-140055318
-1361983132
-1329239785
-1325531175
-1812658335
1693117002
1394684954
-2126528536
-136278943
1647263936
1126311569
687560446
1450222664
1248527454
-1830490575
-1485112127
-1238951431
935529023
-1673251568
1455465518
-1339682009
-671002123
-905716340
1491948456
1757579475
1827204541
1176082539
-1522701740
2124891154
165919219
107362628
2029217443
1973707540
-1752197177
1753574684
-468712913
-1987859871
1004019505
1066383187
-934299957
200943204
-828048350
772069569
131268821
1800659245
2129947387
282264859
-2124942643
-1241599886
-306411454
1892780699
1463873067
501571542
-228235374
-1672753184
1980601708
1708964717
1398351315
-1935422446
1269320557
-948420993
-884577621
-756982455
-1539582979
1219783308
1015352628
-747232977
6941100
1933642384
1859375087
-472665117
-587932439
991291016
-878614537
-840140512
175870027
-1281316044
1635926905
-1533717602
-1375181266
310577693
-610811037
574680759
-165088382
-926657063
-725296037
1475575374
894274527
264904333
-69774606
-1227351828
1988950747
-895511886
1284245273
1506742315
-421921120
-1236555748
1422394067
1742662487
-2021828680
-2123214536
751255596
-622335919
-1736408534
-193117547
-1080206743
1905534646
1608674251
206376101
-25977216
108847425
1446034381
37457347
263401162
-2095097491
397770651
826605687
-486461962
-1581098658
-1676521239
-1715656199
1725834560
1209495553
1377782022
927624435
-65463837
1936804721
-1804249740
943244427
1901725132
421189020
292602297
1976757152
-2062637169
-2014251226
-521008521
-477088686
-1858085474
1847272589
401624506
1523176392
-91946825
-1260578419
1196551313
-1970100691
1420685726
-1623300411
-575327777
-2089242886
-200028660
-1796557415
1411125874
1973934458
218857703
2071455322
822827604
-1453736565
1123328434
-1821545308
-1512121503
1710648481
17979206
1044024839
202993945
-1878619376
-2147274302
-2063636759
496037303
-245941879
2122854335
2011617706
130237570
-709586203
1922720456
-1190278135
-1583119006
1638384161
64087816
-1898555706
419593653
-2081295191
-1592253883
1716243335
2057310819
-565334823
-724926963
-1725516545
-214980817
-2104215360
-351137490
-766626484
-1855248560
-285388506
-1853363094
1906730656
2130019136
-1693768496
1149566571
-1697537501
8828883
1997886465
-789069068
344248600
1390981770
-1903583164
-2004274855
359476286
2062395176
555832425
1417518641
-2102915720
-152954
-575231796
-514489271
-793528401
73574051
-766138404
620587226
-1530251017
1364655103
1155028699
1922780926
-536491280
1481401384
638985954
-855937440
-373271186
1411770772
-1683295704
-897244877
-1047136420
628689073
567937411
-289653403
-1517504035
429346362
-1135208915
484592915
1549914547
-161282356
1241437131
-1467065793
-1994452252
-1442393159
1362224811
1934180799
-903775590
919681306
6050381
-1800945288
-454823094
-1913489110
-313633756
-868567604
1601156889
1223446738
-1649695075
-1254016432
-897190790
-1503106689
-1611763616
-1701862974
-1431529189
86217787
118711253
1222211897
-1937611007
-873913861
1198117609
901515934
-262359055
1367010613
-1721058543
1439306330
-1938582766
-805836618
1143344526
-1833919408
34011343
-1239660623
604354547
-1214759922
-1020098302
181637914
-795201308
207950910
718464846
-163168204
1427934495
-1683267230
-265125428
-1810785175
797860032
441809856
1399430633
-1108204967
1780478144
-1504476006
-407384179
-1575646156
369719486
-1837354334
1826307712
1707816780
780962050
1816752556
164388361
1369353445
849264829
2073217445
-1467286825
-1471060913
1410295957
-2012036925
-2045525211
1139151414
2014163297
-2086425347
23309592
-465495752
-150103247
1442031805
-1293885589
386330552
-580532080
-432628012
550961229
832212721
-1293893108
1280876974
1747914377
-1179959474
-1709150730
-324927034
-1201067801
534926839
22724709
-102639781
23128018
3585967
-2132613247
977990499
-20239046
1836397788
-1050511363
-310744128
1659276987
-1360391449
-2466331
-975292751
499498494
1762219718
-1464101479
807766411
590189407
1639490774
2044981528
-1211371865
74882768
-139015699
357264769
-2090121570
-1065590020
1472872879
536009943
1703946419
1067622063
1797344800
711780356
1250907792
-1617213324
769881211
778480928
1217541941
807280767
1822257985
1730510322
-537162451
1768750285
3016084
1984135862
514120706
898511753
1131087813
-364034784
461910258
1071171505
1092342058
1719560097
1500594914
704920569
-1520511179
1778126056
-108257902
749219823
-799150655
1573893035
-1588147183
-650761377
311802031
2077067942
-1512130957
523910136
-2111167823
-373456669
2005509826
-195737297
1980427621
734959164
-1456101070
-936492446
1414049445
-1143984098
-226870377
1640336193
1714147101
136672911
-1702330341
-1536669079
61103645
-1977418383
651126571
-1372094895
-373109073
-1211679225
-2124151631
-1827603351
-1839795732
-993876808
243106952
-756629888
382976651
-355715309
156725804
1685267045
-1821649478
93066771
-1497086031
2063531985
977503536
-214605661
-1041926154
-371672957
-1093458302
1685928547
-1927452646
1885972141
2019877814
-1657472340
-375190483
818515342
1698629909
1722402770
-1704584406
-561647521
-3875771
-297000280
-1368519131
-1102220429
-656060266
306587208
-624075072
-1483887719
-120574821
1255112723
1608890595
-787218492
-983599875
-830839818
-934210645
531136750
1445736587
564461807
-863050334
-341582792
-1105012332
435108303
-590092239
519031637
-1965223816
-1504926143
-447865262
703833897
4940668
-817422326
1746277001
-2115698516
-191676450
1367761041
-836665324
806249492
-2119016407
-1560972638
354081633
-568546765
2042252234
-651756434
-1237029441
-777683939
-326386718
-1037720106
-1312491432
1730145549
1948449117
267263720
757535327
-323858808
335775810
-22771031
-1699498363
-1111055677
-2107460532
-1502653932
753120176
1401508161
-1013591366
-1073896605
-1532300050
-1433665088
1128418659
375398796
-1105472345
218153301
-2011510004
104761358
2081419026
-1851796011
1339427069
433932012
-328783894
-1551047817
918632913
655514361
977590112
-977909577
35192206
-260512170
-1111600557
-1233922948
-2089728267
-1842918087
1609384381
-1126679940
-1222262246
1545853679
42696048
-2105873953
-313421770
-703581405
2053463555
-1867109854
1164340411
-1337715872
524990982
-1582325186
-1519874136
1393830100
2046165628
574598664
1347805470
-2054554026
1675899530
-735173157
-661368269
-2053224791
630163051
-1367245709
-55808250
-1521023230
539635110
1040668443
-212697581
-1774230073
672492675
-1593048053
1225900232
-2016992871
1747247290
682128138
185772376
-378276716
-360391314
-161180581
-122807858
1336895445
1712722521
6701526
-1777532828
-1113597124
-847252921
-1891428780
-1909136107
-2010921614
727616712
-116533424
-2671504
-2114818003
1544015648
1805538506
1329763246
123057330
749691010
2124211054
1982982662
1965325467
-1066431107
-490154762
-1457009856
1121848026
-114231626
1501795019
2127036296
1195528445
466745047
-1809826062
-1719933820
298046642
1200223175
940703526
-2082815064
-302782066
1603538715
-99527104
-300893752
1355957001
653257163
552808415
-1961622546
-1762319667
-272732376
1064469060
1226949997
504342319
-39068915
752331389
-1225221322
-1464861187
-1539870891
896984773
-673673111
1751613306
29133964
-944663766
146098223
220919206
-1238883864
247204976
-1837076282
1624871873
58763385
-1541120715
356504541
-1749196270
-971629153
-768337579
-1358718943
-222289436
-1248677699
2114587535
101091351
842788304
1853626411
1324259688
-1484033492
-922805694
406897008
-1020264113
1252521481
-1567679947
-974434127
-1207838975
-664906964
-1909560256
1380590435
1001218606
-697496396
635818966
-889206201
-166280356
1096054395
101802697
197963416
-713751796
-1585479831
-755624176
-206481795
710504218
1753107719
1458376905
1401683140
-922424727
1796635730
-1325554560
13332433
-724561217
-1261036591
1502596529
838626260
1733648620
1729344233
-1250638453
-980032455
-1906661582
-652809616
253477366
1354494052
57250272
-1765102977
1722097879
-889696354
1289555519
269664651
1810269074
-2006796215
-1809597518
166488246
-1248420144
-1801296293
-1235891432
-48088733
2130690690
-1177182967
-583077772
701589511
-1107010012
-704442430
501435088
-58238906
-1640954554
327444062
680552029
2124144190
2135668807
337137815
1677311199
-1864515299
-1501006492
-969024329
-621651897
317477625
1300714992
140641683
424377249
1676816863
-1849639964
948153271
2054846000
-1205696980
-1370991718
-1736348190
-232389418
43733531
-1726485035
-91745100
232646073
-228284769
-1868597756
1565492645
-834305500
342741363
-563640121
406810937
388289194
1088870510
1416130226
-2089537423
1465966992
1365628443
479166288
-365984380
-837841044
-869463159
-519491479
1187525583
2129690121
-522208418
814110088
820421385
-1462811251
1094787634
538399671
1762394554
-235841571
511320089
1688227212
440703725
-1275840960
-971544703
-1936356503
-876784860
-274277054
-88390338
1205838846
-889225077
-1263301926
-2137303581
733686034
-1005219215
-828554545
1318304851
-2090869629
705575923
-1830374058
522104215
813150603
-679799303
-512857088
-2112330255
-1876025788
-152900506
308699346
774167344
-1088126611
1307519627
1527473077
-670187451
1746968686
-1499522340
1973613072
-859525610
-1021935207
1866657253
1217160371
-1994488431
1283401394
531348606
1033672694
2115657476
-1946031183
1327298877
-1261866463
-1697146196
-2054255163
777979179
-576918514
1803806347
-178119012
-1021715525
-1875017715
130239870
-1907267615
2023361015
-481025273
1755423630
777487110
2106680572
100019173
1597891462
2014292290
-913820760
-969159374
1867862468
-726827043
1321910161
2089944318
2094889044
1903649963
-907378376
1264658182
389632058
-101024043
1034509182
-1601215215
1485253646
1164482526
-1667720618
754514332
-1052100658
-703856411
-2145605445
2070796473
965452271
1438517287
1646375396
2136935219
-843267659
1578156744
1524408758
-916187146
-932917564
245706450
1505179770
526589869
926547445
-1271729795
-1757600305
1974242988
-1813047443
257373616
818634466
1342540049
1543231980
1737780936
-1927142437
1672115493
-1606959262
1296368535
369977498
-1878702073
-1836845369
-924899922
-1235315550
1902737547
2117773099
1191729375
1336790613
-1713259425
1692848140
735801085
1611154785
-298192017
1026120423
-190055451
1746153594
1932649866
-219860463
-893483582
1435136585
-1771325883
1058369734
-2095254133
2138118563
1785934623
139329666
606276560
1350643966
-2090246171
-1676134513
282516918
-204107488
-458103464
-362656545
417177152
-1884837096
1706444300
1213314331
-1843578929
1555725682
-424870510
-1137328901
-1021347349
912468133
-862917159
-1571228456
-1152131261
-903751984
1465368273
-1622851202
-57069582
-38475099
893129808
1761060423
1346929667
1388030373
333102649
1656626276
-846239177
1318901133
439371482
1481313149
2139043589
1069082896
259425174
-1456523395
-1961639967
355920837
1085803459
-677103706
13895361
-1875504798
-471221803
-375469333
1054054876
2065537066
297310907
851549566
-2029802572
560437924
1765601161
-1774300250
254748502
1054525581
-525785770
-767824426
-1276295968
-2081277170
638969703
