807507612
-1620824994
-1163962023
1064158884
1058379394
-434979521
-1482602811
510004197
-1577165802
-1423867717
738544651
1411974112
255614588
124415579
1326394993
-1062340143
-1677209949
258815150
16242716
-857558362
-510811974
102397877
-1850425183
-436737015
-967886622
1571426689
1500826331
-1052227682
-1182552284
-1610467046
-341005314
-1683216759
-692789596
-802180189
412757996
-1557055182
1421980695
-1412598853
-2017005881
-329988276
672296818
1480346405
2106083271
-1739852782
593677539
1383174826
520336716
-1999273261
-1605285628
-483529667
1360776758
1271193521
-1071516594
1121682272
-1071937420
-181505883
1226213835
40202183
758812891
-686198075
-1666925297
525344314
1433324600
1495001033
166654824
1802822591
2142000552
1435064267
359849044
306257655
1895206438
220556109
639933746
410749896
1874465124
-237526656
1214547004
-1365725892
2131796959
-1125275965
2074638005
718369192
-1156747731
-1035071639
-678326690
-37915376
37820825
2144697023
62495278
342132169
-209018383
-1825283508
973829697
-472821920
-482152291
-1723590310
-1053528304
-160870470
1159632115
-735199051
1525425121
-789808516
839003594
-1440337230
464755841
-1774113108
263936077
959327090
243500593
207053464
-312920048
-42585753
-1578316835
-1011340810
788327528
1140458007
1420688787
-989529524
-2002024714
1105168160
1358117682
-1912843886
-1104128123
-681470085
1990039137
2026873621
-273178347
1926170884
-917889085
787525277
-2068378569
699061817
-845147288
842704338
-1170576741
-343778238
1307629702
649970651
-67067929
-405080784
1739311208
-1833288889
440255433
-1628933495
80933030
-1681809872
227856719
533871620
-843234155
-1648089955
-785614987
929371792
-1287261695
-1254001368
1021828863
-1821648997
-414200551
-1087712288
554006921
1909033103
478087082
1367268208
-302830116
1796456096
1434101648
-1786436480
1078490498
1595157188
992637032
705855322
-557039716
-628840957
-1484966774
-1616600111
1349889266
1489583600
-896614090
867072861
-1212942005
782239094
2042878476
173828490
943400446
1542893015
-152700991
-928369005
-900187704
-409850894
-407912945
-2112192438
195635680
791997892
-1747559187
-134621894
-1237204920
-155950032
-1213509376
437640718
-569896090
808903938
188036944
611531060
-1381473581
-203478735
1347790911
286452925
-232166031
-440734876
-1585623626
-92106106
-2094558014
572418743
-724653920
2046861980
1062101368
2062472638
-1868351077
-1531936804
2114796871
1744429513
-1116864276
-1796199718
704476674
429462121
-1926133324
295419652
809295333
-205294285
-512822175
-215409146
560045359
-1332161085
2094445670
273182063
769722612
547204611
760935726
1465666195
-1962110160
344938157
818862669
31905971
-1805309921
1428962317
826085112
-1590227621
137792715
-1866196213
-1177331529
-495722741
-1015967003
18909800
1223172440
-103204327
-1462422056
-292137912
-1300616153
1943330773
-2015103717
-1827380240
1608116827
-454061075
304349126
-1307751473
-802217262
1766931475
1040057704
1013229506
965009664
-797649444
-143146986
-900079725
640737061
-1953798421
491031495
-1661071934
-1240801346
995838798
-2055758113
1029377672
-918836675
-279214553
-171395063
-45221096
-1028481285
-1851721586
-1995090615
1702335783
-305392019
-2077384010
601213008
-1865849170
-2069758058
1787843406
752794642
828283374
774074812
1891985705
1681719190
1471925684
-744020642
-332428512
545434124
1971415518
1618479204
-276202953
-2135299036
-1689241571
1243242904
-1256168962
-542956900
-950516485
1224423252
-1648866503
-2128019941
-1425650401
102952317
-730688318
-1773218755
-1966851376
2124369583
2066257582
730492398
1996847031
-1209502535
86692783
-759437573
-769648920
214385739
712465592
571175654
-553641181
-1082429458
-1719645466
-853665031
1909611862
-1219873229
1539666846
-611333731
295229286
-327266513
1074969330
-1884145941
812799790
1232387366
-1369003960
141920899
612097479
-388402043
328933693
-1302804835
1288843017
66195221
-1071354170
-1299361699
564024658
1996750445
869855384
-1369822870
-1417667195
281473449
-1829362998
-1937723712
576048981
1940611672
2092816823
137228485
-577722941
-540508998
-330246103
1914763418
-1254503451
-104605910
-820370509
-1369469260
-624696856
1899539673
-747586723
274224810
-1207873961
525045692
-1001679738
-169192369
-1185423460
-546126393
-566361594
146222595
47088071
-2142583461
-1800345198
-1918451642
-434500466
-338590468
-1901106332
-1445472627
-1097175660
886739526
1860427803
-1683808935
1602859757
-298245087
-1664331553
-2095931004
78821857
-566453197
2080099784
-125734691
1058899440
1240411030
-1414510976
-1355010057
1903920150
776834762
1398458662
640989502
1811824208
1974080749
-1842197643
-1352132278
-1461238946
-1411619287
-1362664923
817331319
-1429715255
-1207779987
303139473
334094772
1733737767
2108721502
-975902055
546678427
1579579549
-189683568
-1832277303
-15843134
-1647113820
-1253526288
-706982214
140752976
878176272
1245844101
930131896
-1035552814
1154721870
-375605929
34045348
-8567473
-1376599827
-886779218
1900046876
1942059161
84059231
-244584065
-449748520
-1918582042
-495570177
1347227171
44922966
1604819870
-1850685098
870499658
-442734151
610182773
662531737
1052817966
1093523182
-1518623044
-1796479114
1436593163
-1732141040
1143067636
1202041103
482799309
1175519501
659710884
1500063814
-9880821
1270502537
-726180756
-965123781
-23197388
-1458855678
769656409
-222989550
453635079
319181876
157518969
1190280185
635674184
1364775102
-913071182
-2141331096
708753328
-1699696124
-491631921
-1973120854
-1441252060
-460133801
104527835
1291994013
1251967018
1310007123
16828082
-1511682635
-1545010792
1554376840
2078833876
-159140538
283134861
1422382172
69105276
-58811134
539555493
1484609328
-1525296911
-2134818369
-1527886233
1348602048
631203355
1153421437
312756482
-850406449
-1489212072
815044775
1874052665
-1120601086
347723152
1619222169
-1674098278
-659939828
-396448634
1359008354
982295541
1445301771
1539909489
368324298
986923020
-1784956879
-516218678
-1866120042
-675936633
-500013146
-1060102297
-920029686
-447017686
27727789
421804745
2059822766
1245873481
1617343237
596930737
770270037
-1467900550
811034001
498483192
-1476475302
-346207604
-1657052102
1429052576
-1989878740
353643448
1184747284
-1780117211
-1377170419
971374102
-626454081
1176576281
-2080487146
-1285926062
-111647217
1159676143
2023493502
-659587169
1517051119
-1318717674
-1150455269
-1166675222
-1801154174
-260703671
-1275724761
-1091866285
1212082826
468279589
1037200199
2112675544
-471921139
-1659554053
598443465
-980643245
-1207506123
-1720776217
-695627475
1590059942
-1401717128
-1938504159
1309289702
-1951798989
708785144
1223062162
-1647143583
-1863935854
-807564245
-1341742422
-1447783610
590134910
1327097534
-477122192
-1935893763
-1332641265
-1820485706
190388698
-1832656781
374564654
-1893750056
193560670
-301374691
-146799548
-14485173
-1595457080
-1476315588
500358964
911046011
1067621198
1752795491
-634346101
-1116876481
319930337
-718719690
1319187446
-51191235
2072538821
3395699
6168819
1802135693
402251619
996905270
-1649230133
265493404
-1800595875
-436633992
-926562113
-821550766
1010366435
1570289112
1463037825
-1488301193
1434364740
471452062
220707045
-28444846
900604872
1907325692
-1911855400
-1283863661
835314364
-53062506
1756027280
460230770
886851277
2109532483
-1750523643
565997079
811728025
1965734677
219066783
-333587140
949118083
-230682986
1601531952
-974785008
1332216262
1464413780
475334948
1019890014
1691895500
-930880864
-1134491914
960494
969626304
-2141314671
-1878172699
-1298432981
-1017547679
-945734833
-94022937
-840066555
-1646426599
-1385363827
-223601698
1767418136
-1597474994
1998246231
2029872905
352554253
-703359242
-1017636339
-1835547716
2090364992
-269192335
1917146286
-1763592621
-1726458717
-565288046
-26918822
1641396580
1708936929
-1198846722
1139642641
579903027
1087164358
-1052476487
-170790464
1753284714
-344350755
-1665097987
-1376869762
778944777
4419930
-1025032370
-1605880046
-1955283814
913452090
-296173110
1152006584
1988243625
2185384
-1914876731
-1907968476
1809089651
-2019669086
-1597431403
-1835732793
2099734749
1567226332
-1821622359
1607323216
1331463079
-288713500
-1552898848
-1941393547
589765089
754407046
-1637105897
316916978
1419996573
1487609457
-736304380
-103866415
-954613019
1133561370
1394334786
683803116
-1313325073
1120292576
-950539604
-1642712400
-418505585
-1579004304
-151469843
-943891421
1590023404
1723415914
423123031
1371583527
-691842186
1238797380
1692773876
-264538625
1504069143
-1200119186
-693256998
-87756782
1543508648
-1324012617
-2092348989
-1824052753
-1567613274
627660782
-729590820
1183540881
-372220379
-89657140
-353026339
-644479261
759651844
-1668847087
1989347929
1350537350
-1028375199
-1610067988
-1359795626
839965904
1165773391
165328799
2128794912
-347818984
-2130102842
941069922
1586551386
-818849488
1346507482
436085384
-106539179
385927474
1681429808
-1732009248
1816517796
315011967
1741111981
-863612835
1079957743
1265593860
1215597679
-1504039431
491543815
133392831
163185408
376502997
1536396603
-1599149183
1577982408
-1043553628
117920745
1937116405
-201183804
402509898
-1076090537
-1913042464
-1934769291
-312047937
-393214781
848240042
1455108122
-1282218951
-2143827272
-373590756
-302439904
1840804746
1610927266
-1726613398
-1248346919
-1517375546
-1796592219
314339700
-227591316
-491151832
-1804386135
1066324552
773410572
-1758879179
-1017564231
-1371103253
-1836733332
-1822298078
1853332621
978568537
1531280498
147407218
145013349
864359113
1699783722
-331436061
1659601175
52620596
-1161619459
1516690058
636666219
-1870204392
-1790988766
-3950276
608043686
1990431608
1250501715
-1427389904
313123172
-1852116952
1924746436
760956386
-934344790
666135622
294229584
-1046141639
-1508634053
1475661323
-744528907
-227129877
300414762
-225123645
1761732482
-1221498592
-1088175696
416215065
-2046397554
1327450197
-1775519937
708539800
660306092
-1651958653
-1907017257
-1837497746
-609639972
366080896
1738013591
-227859598
1086702659
-117082204
1793480598
554478951
-1159358946
-191296082
-915282957
1499064194
217342196
1988521193
-908160726
547707433
-1320934645
62199178
800582313
-1946532355
615175196
-317044388
-2103358302
1466959642
987939145
743271070
2029200162
272230557
-1258277810
1674110251
-1979414942
1977756774
-784475657
-940702245
-528365475
1221020446
964991953
-2040241111
-1306146910
1474211963
1529536804
1876148757
-1590355093
-1506773054
-911054049
-1367243189
-898142995
-1783370611
1191919701
290010245
-1587768847
-781397042
-1990894744
1744406573
-1329578845
539345171
-276688637
43390277
-895986519
-870056949
1456562445
580359051
-2130227849
385202760
-365517030
37959639
-519238175
2068033861
-2056036827
-1798062136
396770545
-979680085
-2022839428
-1061874785
-959248390
1354159311
1295361275
767402602
-2047101460
-1239551617
411338364
-765535132
431660010
-783321858
-1667085683
-696750181
-277330151
373541708
-1970021788
-1357894957
46133179
-2076841559
616384783
770353834
-2113959557
1065728604
-2117349905
-1323354884
-540539638
1903100080
