2100207016
2068410487
-2091376221
-1648902395
-1780386075
1495431628
1854040192
1492934486
872050396
-294868540
1865543094
1654962173
709137357
585766190
1910208043
170579579
871307058
-2121482281
-1715557940
-293610413
1649843052
-1642200219
-1828760623
-650546179
-1352452193
754257762
215737157
-1326636767
1080579545
-1626548581
-2085818427
1760813057
-727593095
2029714859
1792132743
-645674954
-432280626
-1991336238
-697678946
1068803742
-745921282
-470354166
-1409385605
1423950484
-1041574103
-1178644388
-1808205642
1998209634
51658189
-168903313
-555707890
-192093453
1785291627
99580513
25894062
-664602932
-390338710
1758136025
-1856864590
1966465085
-875971012
193285468
-1804999192
-1518765357
1645498303
221408224
-771152166
1505830928
1705023461
524808606
-1442805748
-2047052963
923151766
1029940780
-911770239
-45776577
-2010295340
684666314
1576867972
-288703031
-377849568
-1062658309
-1023856732
-788496815
-1356347108
-1659806377
41517823
-505509274
-1384926095
-79704673
438722755
1991819264
1398117106
390706962
459181553
327239417
316130305
667641342
-218990748
1261832124
-834080463
-990846055
1819471634
1495423291
275535660
548525841
-967313008
-4646362
904607959
-155065376
-1652002853
-983914151
-842538829
-252176027
-804030124
345862549
1739904134
-1375385680
880353804
-68748174
-1069998279
-42316387
619680066
1653522580
-709569276
-358829021
686203945
396566301
1827091911
412691181
-1025249043
1660699746
164237755
-746014166
569210360
-204480544
1756124233
1001831841
1012496752
-1816926352
1034934585
-1864172281
-2109842172
-919742022
-59969521
-216238700
-1205507608
617559015
-658493007
-746149677
-1018177251
-692646246
720211021
-1037794119
-535979019
459019808
512600441
-1813956359
1150920918
1023496677
-1284959589
-423588458
-1585090
913010473
-608782454
-2035970375
-1609802234
1251181300
308919157
-323509820
128322282
795834183
1754573827
593188774
-919141816
918001555
1889961660
1916113008
1524760615
1645473902
-341299034
-570112984
-1194538118
-1349290364
-437828557
1485145309
1488556198
-2097534773
1608866138
1649708539
712826946
-1349344774
1949379587
1561457888
1326339613
-805122757
-2059320153
875450030
-11654012
-982863330
-1514272969
-1073488029
477773764
269454289
-1943843779
376120870
720455149
1497669518
-964695999
790321890
478887641
-882473388
-23345811
-31674088
-1363517332
-2133533223
1211331443
-1533316111
437781276
1629590718
612520366
633884562
154489523
-1553185276
-29182073
1264802739
-339753133
22239166
-505561318
156547954
-1383748934
-2041851640
-2063952360
-1030822300
250031559
516692791
-650675986
-1331433747
-1979395523
1489314385
1440005158
1278761425
230960325
-1633122113
1841072142
-1273799926
1641038649
-17702336
-1059575146
-1942647845
-1119155425
-418108895
458105726
-748917211
-1053176717
688646315
1095913136
2095730936
1745775784
-236340261
2095304938
-863016339
-1588861455
-1129302184
1785375391
696924850
-882610500
-1290055775
1138824479
1579322469
1658066302
-1265187707
-162329099
-1906072026
1684198581
1980514008
1430303887
72319334
-1515887830
-494332573
1494638116
-1190258043
-360430473
1346825500
1001882578
255405596
-1526407736
-291395434
-1773670651
-476711018
-32992539
1798855354
540067871
613664005
779235183
-2044841801
-15373483
-822119374
6430825
-1311013066
-2075777065
482946294
-63028742
-347169070
-327332557
314240199
-985512592
1652466631
211102459
1892923285
966914952
-9765656
2141972132
1877246422
1259785964
537662934
-1022080079
457779167
977722108
1851398254
-255788528
2020148854
-234190128
1635862915
1539937987
-464516956
-76276611
-609026867
-92282174
57294542
-1193614184
-1988275168
814013471
-1921428730
-648983048
-813482528
2141998443
-109285730
-552300098
-2096011597
-629182632
934831358
-17732711
-1465642375
-1659535201
-57198665
-326545850
2084376696
-1962706909
-1426896937
2081938518
162021083
-107858602
1356056702
-2045728461
968905053
-2038639909
-605731151
-1746303388
212651841
1265565549
877812333
-1478106865
-1959953275
1872068862
709743871
-335809601
160866902
-1190050269
-2048851822
-701181849
-1721439546
1648339374
1453704457
259294887
-511261764
-254751588
859686415
-1800934835
618954027
953100849
466931307
506052125
-1852860795
-1840657823
1762532504
-32946475
1284829042
-1216039310
-1365154668
871926379
1173671869
-911633442
-404382984
-1521959016
553581198
-986936963
567598408
146780569
1182810334
-877145373
854985612
24714292
454182694
1236444678
-749869281
900940792
-608865703
933121828
-2042443066
-2036969783
-1998049259
-976312605
-1820635132
1358569627
-1142026732
1102137017
-1552845397
891732093
640439528
958996366
771300278
-121140775
-1498867225
-256223586
-1919817642
-620122630
1628765283
1989971108
1464461898
459459021
-1818820066
-1517817036
1031244915
2013565931
1075136252
-1737239448
-924406105
1171187414
1110209530
-1698467649
830339012
954313602
2008232286
-523741375
-2111916792
-2029754345
96864304
156212197
2094193312
1144092405
53176040
-194932681
-1182664322
-2115032584
1638317416
598860341
-1549844881
604069372
2110579756
146294138
131059308
-1667087709
1734034111
692587166
581571631
-266773931
-1909036688
1342130395
-1163668727
-680266104
-783543739
1749843444
-95546638
2089989185
-270549712
-1470904239
173750753
-1158431527
-2104992896
602611566
-170072482
-1193685244
177782426
1433874038
602693460
-135506929
1813233128
-102189782
-1312182997
460129640
-1830270960
1454674696
-1800753130
-924588445
-683617431
-1851858776
-1808480343
1860867642
1635049898
-1126974616
-1422860371
-523485610
-1142781212
340698955
78837303
-1790992180
-1964948559
1044097822
-840208649
-1227551959
408834733
755731164
829016013
-569757326
-993613531
698795091
-1661107551
1267873126
954798862
348205574
-1730455437
1568693765
1337389624
-1039501227
-226883152
401097557
2054748355
2098569435
1627086792
1231975011
-244279599
9734167
2032874492
-1301230201
1563823997
53084493
1030197116
-1038209812
95316235
-1277176658
-1620952912
-599194801
-1452037025
830208950
1205682645
-1791423737
1329407923
-171786283
545877196
310132548
24946820
-26632367
-1220118482
2029495707
-29302579
-78046102
1030924707
1971104705
2042391415
588896958
-755488396
-164618858
1406411791
1428926190
10224477
-732170395
-1206991431
-1664383870
-654581592
-1206544278
1718289764
-812171767
-1729835146
-306833004
-1438606530
684520324
-813782177
1085983883
-844894358
1171600133
-361956547
-2071976205
453729776
-1851906158
1656707141
296328690
1735411189
-465057202
-224873898
-1154664976
1276467243
838828506
34997653
807520925
-71378806
-1997810696
-2123213511
1138447159
1119930175
686755185
1743716259
-1932482804
1058153700
722601017
400867249
1484424766
-1529625102
1473664976
-1714229422
1058269894
-1750308493
1975636970
1871175517
438298042
-649918725
1785387345
920017054
-1273393966
339445720
174584074
1308203570
-352928728
-1599512696
-704451146
-1677039340
-361844674
909031275
867319611
-889387785
-1836991419
-2143936071
-194945885
-3598763
-1831886692
-1927280715
716924995
500820423
-2145499754
689719074
473526815
636914839
2001395328
-1543785738
1927806093
1538694803
1274788065
2110548813
-538073321
-1198396125
-636929021
1808744608
991372197
1306930078
-1426531150
-175925706
1766513115
-1590731560
-1790113469
594180057
621337792
-1402682881
1712935383
-436676915
1061295775
-113941849
-1501933343
-1237573122
1310445361
-1778613726
-1970989083
-1439453833
-1595740164
1207408149
1983521921
-1340826341
-154883339
348951111
-213638735
-1261091186
119039852
-821518916
-1609893555
783826547
-1335813848
-617839358
-2111309353
1532921052
1290429905
-1772257846
869274739
-1385462530
-1958200178
707137465
-644516042
-1891836892
1950729198
-1021561216
1815218082
568531942
1497022987
-61143
757105009
-928515174
-74652948
-2060471628
-1662894703
-1522422519
-1164672725
1116596194
-886315664
513427557
1047712983
-1862597041
-1408002439
-821197958
1457630363
-1773004602
1442789853
-428988380
1793266975
-1413088048
-1027992426
-79168000
1404670638
-125090418
1057280936
1021975398
687329560
1253898184
-10250071
-267333226
-687804967
-3640507
-81671548
-1983535056
859881594
-1516364452
-541348231
-1166074903
603309367
-609640245
-1822814873
1710298236
-1025733151
-412231994
-989042355
630867421
-1398350587
-909267629
-1456306418
1277817012
-517550258
1489805012
1884180595
-509823479
1136178983
-1155100955
-1031581066
581333563
1727827620
2026381416
-1835443267
1290425142
1956258722
1378736349
-1263796380
-69100060
-1344708052
-96361226
-1761017857
-748366109
-360029920
934515306
1398531806
1674723961
-850455279
-2059152631
-1687860334
67628996
-1189950097
21060880
459313072
773243701
1436147685
-320750402
623055572
-805882817
1255548418
-1991513306
1848386281
14660170
-1101844198
1132019270
-2138231642
-513284883
-1244178322
-1498626471
386265179
-945603747
-1836776054
-663573399
-534200595
-1676640481
916054766
-1507957209
1058472734
-807182843
-1180708624
-1277701378
1118214929
604512087
-1648507680
-978020763
-1446722035
-1852770225
1930753645
-1789115532
-571233664
-1153453110
-1913061562
931868090
252426311
198549821
-1600663292
-709823667
1312451372
-520159515
-2104449722
-567995359
-1379126865
776885058
2001161245
-901961059
266828809
-502306363
-1196196694
171284843
-1136969875
-33495353
-1237185530
1956037263
-603768432
-209803587
1079520865
-20046917
820600939
76962986
258418285
1481880544
1450338879
-2061294636
-1417607428
-433455608
2064763353
530839738
-2059048217
1259271522
502266647
877415748
218580786
781381278
623057834
-183686084
528169837
-205870469
-1244541923
-1438081027
978322524
-65569379
146054421
684216425
2097738970
2006557091
-236286759
-1112830945
-1920165638
2030961529
-1353098988
-275762963
2052581230
-2072370454
-2061850406
1618814852
-1201101524
1419630456
-1207741720
-1051957654
1459085134
-2129916305
325207087
1086173236
-1857577159
-1412901321
-1662465389
-1120239373
-2058011391
762071786
-1333377041
-2082021650
661910540
-290506714
35492188
-920517999
-1796629004
1732215843
77233843
-1319827034
-723404879
285718535
-917344689
-1810028094
1974015223
368458104
1745010967
-1295903231
1986455005
2047215987
-2090036549
1824558069
-1448217921
2098469979
683487804
-851690534
1837838948
-1255563435
2095521458
1235976207
-664461726
1402257106
-754480055
-1740466239
-1856935488
-626081172
-1909410420
2060146921
-1665335843
147296758
-944669467
1139903863
-1113824879
60553165
225911396
953905103
1444474513
-1875037068
-1565650497
-228001164
1125218584
-492456096
-1147990887
-1343488254
973819330
-408940273
-189385465
-2083112863
328903098
-933072290
1241889871
821677111
-484962025
1251101980
-1693566478
-137629794
703211395
-293017127
607842028
-304045289
520220445
-1309997308
-1866434247
1909569981
1419874720
-483207884
2055256987
36872125
-849078332
-856890171
1826553242
39162885
1073656548
1381882023
694650828
-1833023173
899316960
475001458
-509722538
-1872158224
1395642948
958712764
-58979406
2093841429
1497017001
943247534
2019227057
-1544241235
-1196321957
-1016377387
-141728061
1701258435
