1377535934
-69169352
2034314499
-45928305
402259536
-1702175093
2033226269
-551074840
1460631512
-1787882153
972784732
1167940131
983941434
1954965374
688617313
-1476390806
219223274
-818388383
-1508874480
1975756588
845028511
132734594
-739208609
-2116876697
1467079238
1623975786
393777009
148009
-527782855
-360301108
-1745875742
-75078829
89186480
-492087319
1126749284
1176139936
412650615
1847133238
-505224566
-478792731
-841115423
407048765
1002022883
-734357607
-1315029764
781034944
8111947
-1833076584
-1152952827
1549211683
-1727011460
1264900131
-760655074
-344716277
1763597803
-707831253
1059301437
-1276733631
-975114031
873946062
1461714023
784574172
-1560887673
642936353
-95058146
-909639265
-181656554
2051488048
-1411362536
-1521447777
571165966
-1234171070
-1178645455
1535096361
-1425830250
-1543464863
822572705
2006199010
423813060
-502682088
1212775793
1846753582
356385583
-331489410
-7695830
1672185557
1872311745
-158962317
2114480080
-136643356
-1444120879
1271394089
-318010610
-743633455
-1845772944
-433422618
1670023602
-1969964575
-1565741310
573665031
-879518374
-1380452914
-796349680
1747635015
1469697391
-281520221
-181190563
-1589695935
773700691
626994667
1395285814
988713779
-453405739
-1823382262
1520885006
1431272452
1847248109
1750195946
1992891721
-1171184761
1558941349
501162201
-794365096
630377473
1230602324
-1704756304
-1853025787
-1091200536
1518693138
2147291704
-1072194545
-282649875
855406183
928342474
-1310021127
-880887492
169954373
1540763957
-1626547938
1852350210
1567068216
-1694234141
-378324983
-641937873
1869813211
-1432051906
1953440771
-2113310596
-1773172083
584697935
430173164
-1092377681
-334723483
549449640
489901134
-205371874
1230321762
363404676
103618735
-82147471
-145088025
-319029204
-1807768026
-626114134
1624675685
1095800475
-1519662288
-126329238
1348660313
383410532
-950499133
1537461356
1205839993
130694611
1158656163
817744214
-254479319
-313503917
-1263657739
68977584
56964659
1737005839
505892113
1837062452
-1339511625
-1373423142
-1511687268
1014904135
875774816
1698907219
1628209620
1521603527
-723183400
-870458044
1589058605
1456925703
-700881027
529858122
-1762958307
-271939561
-917584556
10480315
-25390284
-1889661880
-1122046146
-1089639229
1943888750
-941247762
-938765464
-1555414832
625451212
-330530713
558419720
1738036015
-640499680
1571091292
-1668983995
-1731611657
-1503883480
1256060230
196830582
1247569189
-641445409
1136119604
-2112541041
-2013108472
-1289101042
260908746
310513111
-109861153
-169370072
-549435508
-1002315042
-350374976
-216575913
-539149220
-1568243026
689921466
-992002350
-578454207
26922048
3973950
1841699953
-2076035735
117575729
475631802
1528928386
-1700371088
-637943883
-1815021946
-2036553507
-1862638110
2045941451
350624003
-1928339147
-214004226
1614132658
484359937
-1984468047
-1125449027
-868393573
1095058017
829912762
-2026966510
-560970593
-1448573189
1939418134
-573456782
-1620462349
-852886591
158827829
1207754390
1550314329
-1450702300
-1372286773
1499297150
-1105368871
-346712138
-670761570
1232660153
-621204560
-1225425392
1999175328
2063592163
-607845495
-369419019
-2138645440
799008879
1849193706
587164343
-2075343108
-2037738330
-418258960
-1525930279
-1186676934
1088954607
772726335
699732725
1155442264
-1880590256
641207347
-200190496
-73282303
409751860
2072228187
1699048715
-822570302
411506542
-2028602330
57692203
-513938724
799470206
1016906974
1272228636
572381787
859859985
-391115818
-482258430
190268263
-72385842
-2130729249
1112167345
-385969703
2010641743
-1498820096
-132755890
59120913
640397677
2023593829
345631286
1305105158
1599919040
1520910999
1683332894
1227686046
2120684389
-990620947
1917331322
-978564289
-1157433855
-1698717374
-217430493
-612946011
-1690155002
-189944601
1680785971
-246769163
-683322059
2003583963
-2025079501
603941650
-890460829
1755839033
-1899968648
-782041297
-2057092737
-1633868559
-1784719671
402196902
-644234030
-122598470
2052162373
-1747002873
-1249198455
1423787591
-1225445757
-1007329678
1822762864
1837070520
153090298
1324906281
-2076053504
-391060653
-148723293
998207328
735439515
1286535539
-1188500516
1766567767
-1646160363
-543722560
452757391
319290282
-1229681546
-2100129377
1308718995
250336743
-1556964867
-547652116
-1133346222
534499937
1881456744
786287334
87832747
-1529284797
-897537422
1100626282
-984711400
924743911
2125812637
829701988
-2045049581
-1653708952
1353967665
1387069826
-2089201995
167977333
-61333116
703050793
1401894048
430219368
1849926266
2019465132
1273429535
180220310
880023631
971965371
-1513457269
1145073896
1813259155
-535415271
1670166256
2061998250
-75281034
1080023185
920799471
-1723237726
613518661
-547196374
-1342033947
1632450148
-1615912396
980760473
-1136143540
2103574756
-1248213667
-452071690
-2085573279
711364940
-1373865976
577559219
2098629895
-1579546864
1745318445
-1272455223
-1280208405
602709310
-858131146
-242918605
-1283766553
-1281900774
-638580984
-1515562337
129924779
-649440790
899832132
1655123043
766891674
-1137752051
1223090377
-660047187
-19594255
-1813917358
-236658307
-1304271362
-243839186
1841544326
1909944909
-1943121191
-714088017
-413147570
-725238415
-550805833
2057226648
1267437879
-599228172
1497149501
-1267214342
1066902283
1409848179
-545253712
-1936278223
1108493158
-1894092508
-1500861272
-229767284
-626997368
-854125286
-740265469
1943332915
-879667349
487760582
2063012124
1502732869
1999755287
2006295488
-2105326787
54446144
771401525
-1345987129
-959215535
2072292262
1148255202
1127744774
1257383389
-1888181540
-1181876026
934530712
1467195697
774670676
1303706468
583542606
1383475418
-1471865362
806622386
816157359
-341204646
2023302043
-1309632788
-762251712
-528529126
1456171075
-1508330332
2040616196
1260070815
1508627944
1942105374
-56672442
-1047479300
888795659
1086218714
-1744504171
-711483769
168128334
-1805536911
-1182095857
243009999
-913066662
738536356
1570365154
-1160085811
-1929673982
2028401329
-793204465
-453707688
836112040
111074793
1370726513
-295476770
-1263056673
1319252350
-951339522
1976059217
1213539666
-911573087
1839988043
-162667426
-161477149
1082197708
-1053798827
1279209700
650961943
-470736548
-1253195907
-413968221
-881642320
-726033822
1945779156
-646326220
384336283
-646054983
-201279079
996165944
-1330919924
-1221187237
-276572929
499802068
-1002268441
967564784
1875432242
-1285043364
924553569
-1971659609
-863940196
-1051005363
-937438745
654437449
-1284889245
543072641
102227262
369094539
1702506294
212367005
1973819882
-42357085
-1455151287
-1031262771
517711828
1312433693
450536861
-123972941
596798502
-586649874
548792964
-377539428
755070841
1070306249
1192176484
-45175308
246360626
-8001615
-2145556550
-1566281988
825670441
-594103857
1943800418
1572585401
1452082314
-901102971
-708584683
-1898123985
1573567232
112051650
-1771895758
1844827599
-2076151025
2099078807
-1303826240
1808419117
-1896146751
-94857206
-1819736398
-1197592843
-2128233084
961648426
929071469
2011605279
1663033426
1705671267
313389192
-139549343
-504523758
-584883693
-1913676078
-1674669595
-1726404546
291675740
-1326946920
-1948374724
-260819003
-658973125
-2031898585
826444177
94388785
-66012199
-80235633
2099907361
-316329204
-1285932511
-2108891478
1227524586
576617344
767035282
845006428
374216354
-1762811331
1891474005
-661450213
-1574616342
-202674785
1466595730
-1085068111
-600474429
654248974
1736460286
-371868352
-903008960
-971710808
-2020187208
1804020870
-106000771
-1813722595
1663512405
-1480017310
-2044891953
135410139
-654288839
-463607913
921388860
497942890
490778152
-425707570
1117815597
1686464536
128147484
-845246495
999860066
-617731368
847360600
31306838
810734117
191606886
1139900860
-1430016983
697753282
1050028975
-1174919077
1779436493
-1346179531
106924144
1915656010
861891701
-1784920283
1307049501
-1918060102
-2133290097
-583417583
1506700547
1088386377
990252688
-2108870968
-1710822992
625859476
-1060681994
1601469470
-1476126062
646406416
829444746
1234334428
-714716195
-1665258214
-1897921562
398088952
86859186
1680725836
1674051382
1329129989
1234759805
564143633
1004197698
-185059860
-1380682850
-1620663685
-1806666069
-282878244
1363343947
-1942416045
-1418634892
-154409857
1519975092
-2083110543
836590276
1486543469
1781554023
1497722702
-800384279
1621716965
27620085
560766423
1959346592
-276693318
1771167190
-1818727293
-1420091245
948180362
-375107959
1775243943
-346129886
1534996790
-626869249
2107701256
-977244059
1873090957
485921337
1152565937
-1948000143
-1537747638
-1774663377
-198316537
746302939
2140825920
1865287155
806108954
918536825
-1709123885
805382678
-1794397635
-846477713
-664334934
2089612618
1181842904
-1352477591
1323943074
-328491704
-1386944900
-1237078491
945778181
1150124020
-754638793
1995257140
-1760576773
-1870244930
-728700631
451619840
-379887040
1121090122
1337592151
-1614839024
1550654998
-2092148398
-486997058
1073526410
-366471811
874765771
-941472597
-1519779847
267855010
1713933638
-1568710327
1435656272
1046722708
123259289
507788411
-1867790801
-1399705027
-2136003906
863053035
366204004
-97713009
-732884230
-1557118877
863243443
-1926823427
433054017
-1630676901
2138530522
575704364
358639064
-1135584302
353860559
-817717014
520256828
2041457249
1437080907
618521438
-909314750
489454732
-1154772597
449525889
1211113599
-833356453
652411733
-2125559860
-1706837015
882698537
1471813176
1855170867
1029376702
-1195522629
2090680088
849915217
-1838920540
10815379
-1983995671
14152931
558297617
1171732614
2110091706
-1857565830
-2067385620
1869640588
-920638475
1508669804
1252256628
765544918
-1099821084
-1389035253
-1189485728
-781425370
1268300151
-1901462759
-478289080
-236225702
793693764
-1791408518
373767235
-1514707128
-1405286450
-413106389
-1661819440
-998737199
530259465
-1710002061
-1800694279
929127984
1670796829
1331361367
-1552910411
1487409299
214677866
1618739794
1725522830
389406188
713046220
-1606568123
-2046869885
1845517832
-1960755169
2145439916
-243571922
2064306399
-1237549563
1003079954
-782878423
1915776046
-356129818
2130867142
1564303022
-254972349
-663805384
1842281935
-1245689731
308677143
1564747008
987597340
1205632002
-1597538143
-235645801
-1084826369
756074422
-183436440
1198038705
663341788
-608100923
-1881736102
-742224997
-1152229859
-1138035472
510490332
467723203
1710811240
1606702004
-275651038
-1656051331
-1537969388
433973675
-1284508481
-1826002173
1556038360
587389747
-1886353025
-469225282
1109615301
-1156111539
-403944076
1436322755
1565551222
-2099269690
-262668466
1949534367
1026225029
-2102551653
-435017744
884247127
-497454528
-1416090727
1302266943
1187533225
1964598683
-1723371196
1721284668
-523062120
522392169
-1643399175
854007636
-581842393
1597062598
-1071898538
-2110534154
-1591898524
-349857064
-140964391
-760997786
271532711
-1072046154
1200966343
-30657840
-213381605
-1875331673
-214759858
1701559968
-2143116675
70842511
823136493
-147498736
559147300
-1526138459
487521043
1273495298
1228602432
