-2028355979
1621045600
-672171480
-1773399849
80378680
29839629
908092476
-665988257
439730956
-1509042429
288334570
-770499966
68820948
-1420078680
802688422
983683434
2010245628
239878811
-127554072
-167326361
1888566529
1492177637
-1943260845
-1568620729
821047349
-967371155
-386934247
1851287017
-2049353788
1907462833
-549285475
57726484
-1024405007
-1764557645
1758265689
-1695290492
-1492622171
-674012624
-963258879
86783814
226062122
1749168663
1003983080
283049797
-1081756621
-594814920
1209502627
-2020728029
-613662689
326164540
-382266901
1110637133
-1645219970
1524093909
-966675001
1501593417
719411667
539117621
-1387642390
1724669009
-2112478053
1908461251
-1504055719
1151577381
-1403780466
-1958167284
411810640
-385250787
1733681956
34209783
753407590
1286254717
91625050
-850235843
1781738991
-348988404
-1393530699
-428913129
-1918724447
648390119
-1067746425
542442040
194324345
-1285161838
-1641489040
-656403971
-1651363873
2041874767
1945085735
1965162722
1870883848
-316762445
71147642
442476856
527391643
1876708469
-1629015661
-1651634668
-13640041
-1196010359
1552852092
1047910538
687553651
2063089004
-492864796
-243993573
-1403782778
1920347585
-2055021534
-296157589
-1286201687
-150880995
-945922182
457473590
916379418
-200079842
-1258375521
322704772
41257122
-2144844350
-106693511
-937942244
816564730
-726688779
1400745000
-1704294602
840686442
1752416619
-176126905
-1364230285
1459848627
-725760336
-417277324
-249836015
-520912081
-1242877828
1998594832
-1077305254
-638986442
878249291
-1840991933
1764288605
-1531988030
2004459565
-1837173950
1504648672
-788927147
737434842
-915427628
-217212268
-1403728615
202076425
1182204433
133498250
768815433
544573185
-861131668
-52461083
-1207299120
748547439
-2070256652
-1346202415
693677871
1964470394
547306198
-786106701
1477921187
658190356
495671590
136561569
1430589062
246286227
-1141993762
-2085241068
921672181
-1105438081
-1115389402
-449667364
840243890
-1255843155
-574128683
1443860819
208416332
-1955849332
688071735
740389589
1737153404
-2125068610
-1969681904
2143839855
-1164423470
-1620867606
902135265
1030735318
-2075443823
1854469584
2085814121
1929944218
-21949738
1270560413
-1869665426
1104421530
2002275070
-129733248
-339992644
137816506
322609481
-1263875204
1013291886
228897491
-865471558
1715236224
-122593429
2000690667
-1706229438
-856643148
-600403149
1036560805
308766237
159407637
-1621085733
-1473989126
695892602
-677637053
1142604630
-931365335
-1182599327
926944921
416146933
800472556
-621705775
1737724542
-2086245328
2071131627
616209448
1052902394
1027478182
1085178741
1505512903
437364363
-1761996190
-937623699
-1598099211
-245033159
-11922593
-192243582
-113262845
-158215192
814039885
-836608862
1887621809
-1798872083
1589351573
-1831623248
-1973671728
1944581602
-1716688485
-883614349
636847912
1080854205
1115435074
-390099758
-892244581
-1619270113
2093658548
-139859394
195655050
-1182979095
-2127816094
1448303470
2110309238
-924617963
-2027094454
1526668882
2053730026
-663097918
3267959
-244216511
1990591640
1632937616
907734222
1505538676
-1812035902
1710981934
961881862
41819831
562204635
1940544560
-839063048
-1936263332
44596077
618282533
-1489591272
696414067
1593030973
922036200
1864783427
-151117767
185249452
1901517366
-1858671174
-1376062259
-620836257
-1026388863
2012133998
-687563479
1955573282
1981717251
1872659837
-692536241
1633456905
-637238763
-401798148
415647170
-1970975784
2034547392
-1457987082
-1434403273
326011300
352537748
1164378549
-291875956
-1099741510
747317432
-1160475841
626196473
-829981762
1938006594
-1765378013
781855877
1114538775
1033148360
-187021451
-1048344902
-2090217846
-2127879625
1697048086
-582550117
1214960421
-1680220958
-731031752
789518806
-1172484259
-957539618
1485627680
-1135073995
1909280634
192716172
-1366900178
919983450
-8481742
935960694
-241585638
-872649301
1623277460
-1521398178
-859982977
312839306
-2077627353
-1528237164
357366173
1813518281
1259442771
-709197432
1462691418
-163709859
-962338818
172832671
-1666816886
843691344
-460790151
1160742217
1714758255
548982268
-1126088035
-1298892461
-568758141
-1732258955
-182836431
-695709063
1594148980
-1862309561
-1819225714
-981138113
855982191
1630106977
1968414853
-1872180480
1316777633
1664653135
-1010276992
-765587897
-811433734
-431268177
434036711
-664450980
1304202547
-262671139
-235425084
1277600802
-535208686
-1643893264
-854666071
-541427168
475544300
70857962
-1019045423
-1149961764
-1045331349
-1127659734
-1279345532
-2102225809
70318481
-504286427
-1734015040
-1637352362
1531852284
1122405973
17008661
621923973
-883977621
1497290352
-377329968
-1932707647
212367488
-1156910627
175231835
1193554223
-263454009
-481967261
-914186525
1001198375
1744386806
-1729379037
-990220741
-1471761075
-1374259082
-1745035576
-2185728
1756843234
-301620446
1980295932
278885628
-855264681
1278434894
-788881379
-125919025
-1958094045
1354719242
1641795632
-8128308
-1473602347
280787110
2039034901
-1047817440
1712065900
1424690809
435893756
-1827129287
-145550106
-1044835874
1596747543
978755684
962069526
1199484287
1174260881
1080321976
-1662303046
60765909
1359187902
-1833444302
1676441292
531243758
-1037722222
-357299679
-492466408
185598833
2142294359
1011264196
-1264530674
-759443489
-1692514662
-366749392
415862233
136380187
1521536614
2030940535
-1927972177
324220204
-1671953484
567557638
2012504171
1774487872
457945889
-979609777
983222872
-1315723277
969509345
532830631
-2077996466
-1742514735
1217019891
1989662064
-1748512765
373888537
757248406
-1098277510
1898553754
217643460
-1025991685
70113190
511428992
-550446396
1438249275
-946867252
836177272
-1052407920
1363212170
-1475695394
256099059
1993908960
1237231533
-1570867123
-326429532
-1075430475
1030225577
615843755
945720660
-1631231588
-1904593220
875085969
-1997734926
1290221874
1186274192
-948875582
869860590
1188320490
-1666585170
-1329286000
-336137018
2040550925
407931184
-133268098
-1451448352
-1190651390
-1388592198
1150613286
1084726170
770635727
2028025259
-197225380
1049263263
355717599
-906501490
757587604
1559545468
-1491140603
-1640729386
-1503880832
1652312178
1412847040
-991887158
210566397
-338058355
760531136
1782153918
-507369169
356914677
-1900577879
-2007659389
27474154
-2036717693
1217016086
-637872608
-1324444077
416418711
261712608
-1455708735
1440839111
1351994408
242268575
-1702935825
-855532806
-1129278949
-829423504
1136781569
1599851619
-96231720
986362104
-1967330095
-993290025
-1741239525
1267745705
-226555469
-1945676940
1227988743
-1542623165
-318240349
-621450816
344283008
1745480350
519716029
1769895953
1679912121
1180608421
765948913
474071086
-1657704949
-954405211
31879926
-490215882
731662088
-1891714361
1870204286
-1070983232
-1417002544
1916612827
1754948524
-605945533
-661103966
-864932522
-2100301374
1960392120
-1514882891
-67752290
-1131452641
-921375619
-200712119
-1594089596
-2047444889
-758826628
-1206423048
515950097
-655286013
-565369972
2071366481
725342852
838731724
-699712234
1691425958
-501413221
-242746622
-117398789
-1343240155
394226961
-1043941502
-403798603
-2110579163
-1537070744
763916088
1969266876
-1644410174
849172456
1953022673
-1373813718
-965048149
66477542
-1609489739
-1244015455
-430150343
812075593
-412497100
-1650662036
-868130364
-2032077238
-144584705
1109741796
-1330061774
1107816058
-395842855
-3308
-1335740208
199780361
-1827339891
158067360
-90628252
-929184188
-383477982
-238582814
122162562
-2068941729
-1327063987
-2126630315
-1506061282
-391833740
-199666906
-1408091082
-320567710
880565451
114375198
291699816
-970498111
50522203
-620744144
1207623319
1606842188
-1280235631
1888244823
2059303328
-1550363580
549653583
1543121471
201878576
-318064657
1141109814
1303723582
-1378623573
-418434897
786120744
624768645
1045550414
-266253745
-1777573880
-852693102
-744250985
465432480
2139444931
-227259927
1748449763
1319162180
-54330732
-1451974910
568866905
2139219401
1728214403
2050691461
-221070842
-1516087559
803981870
-921490252
1911782217
-1297452945
-237412149
-2057337048
92460657
1398760301
714924140
-850568001
2007926948
1674638317
-1562257275
1423135700
-1708105470
-1525914891
1733492395
-658841167
-461488631
-2057098705
-542178146
1853293121
-852361926
-1238803272
-1220130167
-1098762487
-1207025411
-205995720
841675143
69796185
-1997590335
1002633522
921768553
1514490814
2135201639
-1278326372
-831185738
1807906490
-811269152
-1956783950
1845142002
134806710
1205850132
469726470
-598339293
-1981030089
267268613
-1434043941
2096637584
312565584
-1652442316
1230677172
-606465077
-1527542953
586213955
423489575
1471521778
1986845659
-81218853
1030211574
484761649
-804270636
-850124849
1455598175
1861810314
-2056775652
-1168542847
-511931726
-1445956392
45556254
-564237692
-714700508
-655298032
-790318644
-1350859646
-168307741
896069578
-84409130
1390442336
796198250
-71142912
1013762328
1361719455
-1526819819
-1797817580
1023060051
869075205
-195156233
-102391273
1151163167
2122059388
160687083
240011591
-585730272
1117816889
1386351337
-1538967335
1409379448
-1232922336
2099671706
1300734457
1160078972
-403037082
943110701
-2108568050
2000159657
-645441416
-420658069
527040066
-788588328
1124631578
1080184841
-1803862207
-521210959
1522407891
-1716666052
778253632
-247082915
-1431566968
-347901806
-775805888
1971091071
528463975
-2050682112
-649283437
2129604964
1802538758
679612215
89346975
86087544
658372043
-1500588998
-420814623
221435131
264302477
870483252
-1654687947
-213946891
2109530747
-1685909882
1213811283
1388882791
167104317
531953696
815837340
-938924094
-414165416
1319471377
1425424662
916532892
706883542
777719904
-62894667
-1854086239
757070117
1663067932
-358662692
-1484692281
-473989825
1230897073
1611566370
128801733
-306980085
-400288131
-1521454504
690795205
161164802
2043598754
1799254731
530997335
1548459285
1969655325
-243702330
-318341463
1353184206
1122709527
-535319462
393617909
1740777909
1742462075
345547104
1599447610
-1667990540
624958920
-1320122946
220548142
1476394301
1854015015
1743809770
1301523826
-750141461
1573222591
-536744532
-509087737
255721063
-128306104
-379151577
762444032
-1229789747
699101918
-848852455
-2146353543
-1030035762
1575564055
-153000351
-1753315129
242266327
1960083031
-2015503167
-1600908560
734346099
-774291358
-2135728923
-1148010915
1029341677
-566918094
1456502692
-971354675
-340011719
1033316874
1072192900
1886772109
955181075
1788242634
-846577277
-2072183067
350681448
805616773
-2054839276
-2091035435
-1156202251
325905488
-115750297
346513409
-1727266258
-308641444
135194093
389346281
1893067104
-1664369337
-776228837
-617701540
-1512204519
-2104308306
-1394442643
920177198
-622821945
-1029700858
-193129811
-852985304
-785746530
1895309484
-1421956236
950727488
-1894536513
-625534407
-838330127
-1907710199
1408027030
900780571
-1895704087
892282732
-1940451965
2118561120
-875789058
-1164111720
2042369467
1759645909
-1854406093
-1651106250
1551082608
-1427039409
