237230736
546548093
929700123
718816782
-63022751
-2131183098
-1645458725
-1499357192
-367767047
1967459234
-1562496181
875624132
-1677928395
1587428604
-447410056
1906875483
2134792478
1231588486
-368740226
-1833954138
664991870
1307945080
-1874492613
-1379430608
-1770212426
2013395735
2073779013
-47786231
55074254
1560540986
1408199197
532733165
1232849101
126167305
1815647140
888356774
-620974005
-1560998136
-504613683
-1006930258
411253060
1273102163
-1243424365
633438999
1107565358
75799851
83746349
639781551
778815052
1095672496
585723776
-1209925281
-1800070332
83231472
1595514581
1980843219
-1376024593
-1820219360
316177612
-1120547233
835820912
1617777192
-635015281
3268384
1361212295
-917612188
-1752352695
-1628190110
561343783
884693416
-535208999
-1851178431
2010198597
1490356613
1605690050
952650386
687076082
1307492810
-1705401242
989459971
23349163
-54953651
-2092920460
-1676586624
473907952
-1002686230
-879316579
-704962088
-253917166
2131839948
-1919432563
1278826400
-156075183
2031071211
1383716377
-1371054761
-379199707
1392282325
278128052
-479026230
-430345508
693675696
115204391
-1383788359
97609316
-1038468226
-1567729024
-178965573
-32524438
-1151104862
1853260107
1999267166
1797245859
659227300
1762375423
1931555986
-1273963416
651303216
-1190037829
-241252794
993200008
-1401693852
952992817
-878179501
-1412163239
-712708021
-1881434654
-723783527
976643088
1160958371
-480973173
2132667751
-1957873582
-1534589210
-2041341473
-118451168
-1905274102
750250632
-2128592779
-447346406
-991112068
-1135324292
1725220611
1225163721
2138412186
20182268
1731013836
1932213788
1358555286
1341683337
669211991
1909356070
-16634440
-1282439119
-41293471
-501783039
1243524465
-218466544
312793875
-1670162961
316714671
-430176744
-604038793
993733825
1111672946
-1643868396
-2043801816
-914939269
-324318818
53522409
1763477577
-312968904
-301151725
-1431369697
-829359177
-1457823669
-1722402566
1105578655
-1221414014
-1014930009
1990524001
116991934
-1177253736
557259136
-1212090870
425710457
-2113722941
-931280847
1519616384
-1589433342
-264239659
178024032
-1832403094
366789755
-13524704
-517387425
1205060131
-1780787200
-1734050261
309310933
1351577481
-587896597
-1430251101
776738461
-1032377324
-143650734
2089671056
370290157
-1509579990
1002750420
1478459336
347080378
-1133428558
603522965
-1283076185
-1031652261
-1563480089
2011658886
-1751164161
544503404
2087121774
2011790057
-674059699
-1168949515
-1222710615
-1069191916
-280611794
-689793334
1385912397
-641892748
-363079663
127855668
170835505
-2032716076
2103234604
-263956528
-1538022807
137648607
1453215411
697451447
-1789587053
-1059463965
1513503303
1635770590
-951291280
-842402601
-86327892
-1619521856
1022394038
-2027781985
1979621055
326736185
1733923
1010914189
-1276669786
1835200693
1302583509
1417946155
-1097140919
612286601
-1215278632
-615374025
-1353661952
-1193736288
1503429376
746159854
283343756
372938586
-1534859015
1170953869
-1313899189
1176706224
1859983004
1216668180
-675086425
1492653979
948757123
146592332
-1838968369
1361142966
80107999
-2030555893
1124399785
993148193
395742344
-1199953482
1763226887
-154677079
-866613675
-1172909560
-1361282280
1656020517
-1017181779
394816273
1287755040
648277538
-1008279714
583264896
745398123
-1697639486
-314716243
-607585244
250788735
-569485344
-1942513491
-701604945
451240080
-245353864
298546644
376669885
298270520
1089058374
38407370
-1976759532
1743023207
-760458580
457495428
-2085554899
834226071
-32419880
-1908587631
1211966195
1565511748
308111654
-926716237
250183369
-1072144741
1339632066
1829816497
-749443374
-641158287
-1777340527
-2119878037
-1458060181
-1241017482
-750667695
2017055279
553228284
1884971434
-1539171074
230532426
649264368
-1691521778
1656823671
-1824082208
575990273
858187167
-1331646879
1680472064
989999544
377465983
465830731
-183847694
1042974516
-602115211
-587972845
1675822035
-823489751
-1026236521
-1203246969
-150206365
1223763243
-1644321979
1278292302
-765058787
-511005396
-1406811303
1882268937
-215068280
2088151363
658930588
-747886924
1846509005
-650828882
-844597637
-1472307118
-53261432
-322642662
1203260410
-1967847223
989838306
-1415848159
70220775
-826563574
-269757729
1010316051
949376851
1041932660
1923538932
-1942044424
729189694
-396952454
1706245084
-587556139
-1092792687
-984038526
-1488023637
-529582034
-2008597168
2042145040
-1676740317
39085516
1040161551
-688717021
-1103257531
276491712
882862757
-1396646689
1103925803
-2138752089
1492154655
29228651
1548678420
1842315566
-29130249
-896725220
1731717568
1041702616
-293084538
370750930
1108717054
-836152066
191271094
1705434018
-2017209214
-2049081065
361318651
1851487413
-571955716
-1407227079
-1538119805
-637635729
-1094779035
2098358240
1003954347
875809235
191840667
-1784786451
-1271395147
445816101
-1102109136
1027842288
-1281541448
-150925360
-1853256322
1898192809
-292045097
518538634
221026814
-1778252085
-931401803
-1520302667
1890430169
-1429241852
165791528
-1531731960
1691883455
1183110457
-302114260
1115682670
2098501624
-1433153514
725802009
1683281709
-951783752
-1816982075
-1209802472
2111174219
290466486
220482300
1925239763
1225411884
137459455
2068114493
336351851
-1435065985
-551255290
-110606759
-1844222290
-1208325029
329766912
1760521013
-1391997559
1897037476
96382830
-1802862896
2078458299
1937180595
811671291
1053546628
1939684811
-29302219
-1650283129
116749451
-2074744516
840715091
-637229693
-1234339388
214705406
1556965395
-605374337
-1127295049
-1088754906
-1817363203
-1803696128
-1672003370
1226143201
571210753
-944642154
-1933310715
38986150
-1211118440
1189211182
734236764
-652919126
-1871351256
1036262564
943297067
-1190410855
1560966316
1101059996
-588246978
716645250
-619794540
-1477623150
1211099745
-1691217646
413493993
284775982
1281331750
-1181767420
1113350836
1585568732
-1569785115
1948529112
-363765600
-1578356580
2109998595
606359234
1508199390
603644182
1389031287
1548864485
683004744
220689136
-1585283446
120355264
-477817400
-1950421148
-325845283
764464104
-2042041093
-1868299508
-1341962832
-149606665
1410448912
1718798080
-1736226976
-2062399036
-1206717194
-571504862
-1572863695
-279863853
1125486006
2137725367
1538702158
1495350031
440356892
-396583878
-884873459
910326454
-1113611875
270117228
1687035254
68482452
-2002972300
-879534929
-629014011
62794099
-1301478643
1334818452
846925231
-1457421871
-2089739609
943470258
1532855842
797161427
1944866868
1836039865
1041638737
49266042
-1556362109
297734854
437269807
-870143980
-1696729952
417893112
1594565562
-14201356
1347700602
-1924085182
-1293495494
-635335836
1788015046
1838386818
-1917965622
89416410
-1384432605
801697234
-1264866537
778923114
906770303
-1051683554
-968094873
1792231548
-1496888392
2096749559
722412253
1046219198
729582726
1467531685
-997744134
1621871195
546109591
142944130
466509927
-1026891668
1508837115
1862458501
89539313
-1685690961
1411655362
-580497891
2048523731
186975862
-1156311837
2054353471
-26396869
287656929
-2102580129
-559038782
1549716999
1750717775
-1988684635
-1850785302
-1036891953
1779119377
1211593272
-651808703
-917327577
1326343264
832470414
1460960173
1468096293
825885329
65774651
2061387711
1193769248
-1349266554
-1160210354
-1704767672
-455529541
1597190503
-65310213
1255182130
1938152993
-1989384814
-1699297415
-43955572
1858135697
-1734075185
525917997
136559590
1329759004
-278304056
-2072420344
-1085863970
1366891181
1550323895
-2047400916
-1916975878
-1795225014
-2001994911
-336719403
-1655329607
-834043240
1741302850
563551862
1948273124
1713977764
437420553
-1585258462
1747826729
-50465568
-885975994
1520521517
819120361
-703975573
-891480479
596617747
-2034163376
845439124
-2069989939
-1244695145
1606624678
1591191200
-1500338306
-15187153
553305572
1960696267
-122922856
-30958689
946339722
418990988
1433466472
-527885341
359999663
-397101539
1307722135
-636822959
-309045159
-1594613702
603021468
-1020233217
786071566
858372392
-2114181774
607752289
-600175958
-189927176
959216267
74858807
1187517555
-1108717300
171780867
-605080411
-90926998
888854746
1260812825
-32224349
625929955
1474421488
-156746278
24622743
-294250152
614913591
927887646
819024447
-177481863
987244411
-690458440
1054895828
-1901006458
1919774506
-1531291672
-142580372
403743713
-1601267877
368259092
-827940961
1490499550
1469146642
1021962167
809956717
-124201506
483321794
481182873
-1400535714
-1848974181
-653885934
387597632
1214999275
1187219908
-1222863133
1277404582
-1094322404
1557667788
90132370
-1451984085
-1657909390
-1551059714
1331398778
-815981620
1353815814
307488724
-571396932
-224344939
846202353
1602204809
821932609
1421980500
-385117458
-2080831507
903878144
-1786206321
1445270334
1650273143
-662054788
-70320457
1102116043
-1434624352
-1241203056
1347542940
-438634864
-1255263890
-678602130
650651940
-406682825
1830384718
1625202916
-1898178505
-1848667645
1897845030
1934298849
1799674109
-705023504
-788766293
1711547192
-666142901
-1487068393
112842479
314126499
-1882594726
755901015
-471464387
-792540151
2120873913
-1564685518
-362811608
-794797309
1607846276
138621940
576818913
-1579055460
1156158422
107063321
-1273752375
-1897032104
587928955
1318135024
-279294905
817297271
-1378795542
-1133609861
-1443409958
-1198951302
-1352502671
1257915033
-268117647
1141235942
933147826
-1794643866
2114831354
2001091911
1636738125
-923227678
-1000959432
793876343
552012254
1250243024
-1054404903
-2085147872
-1040430807
1814239200
-1585096249
1704756862
880812180
-759063281
772011710
-587024535
1075276757
-60077490
-917917410
1589822610
-1199776277
-1424992927
2031315201
-1493043444
952165969
1788342282
-1243800176
1625470990
-645515919
982836582
-1033844590
624887543
1880986710
1658595733
401530693
-1148859503
-749010010
1560428448
546147441
1235519641
1110005198
1571723671
1896413113
1182478974
-1501513602
-1509796102
-51368397
-1779421591
280486232
1094845786
706707515
-2104050307
1651429859
-204978370
573728900
523917407
-523409723
-801012406
-2092674961
-1899643144
-356571599
1972309405
1879623071
1529135225
-1401355874
1420969339
-1632045875
1076625311
-1523777863
1627836716
534609368
-25020616
-1449460837
807196195
920188191
272286437
-1385364930
804436833
1737008659
-1651937248
-1455366355
1012927515
1133931271
1072946048
52948858
1702453402
275754569
-303768005
-1098819083
852455778
-243079050
-2083860499
-1516099686
-1997948778
1252405258
-2093899625
-1895698613
-1585494630
-778129866
-942272791
-1210447682
972465913
-1662382858
-1631617341
177240760
1356861065
375927394
541209593
-1759045509
11211725
1402264899
866383190
-897940868
1577826458
132511465
-969319453
1168375384
-1046965252
970763834
-1871555992
76306953
-1201256615
-1784369138
363890995
-1460842924
-1929207337
-1174531910
942334487
-790489979
594810363
316914410
-590538569
-453041314
-704092782
-1171687500
1412639492
2096383820
1476896723
-1234574359
-237746685
-1975809572
-49345083
-1387403603
-781632813
-913662868
1646856414
