100
331913179739
793979119199
719773973131
717713917331
713771117731
373999793993
119713199371
797131171973
917997919397
739199937793
997913717913
999977977379
391399931939
319719773719
393379973977
717737171179
371117979717
971393733119
133313739971
331733773337
979339913371
199713779911
733737137391
173717177719
313393179971
739979777711
993193117913
973313399171
177131119999
977737931791
739991933711
933311911333
713193133919
771779779791
179173319133
797193179131
137393339793
711911197393
133331139139
317173391191
771397713731
999919399973
331191799937
377379371777
977379719971
939331339931
173173931199
131331317917
339377731319
713991777797
917331131931
779731713937
319799119337
197917399391
133119371793
737771791331
197713979113
197173171397
711991991977
917791993913
971711793937
173111397339
137179193137
191933331779
391173791131
979933139933
133137173133
979371917377
393911131731
717393711193
737337773379
337779317339
731797979177
133131793177
171977911393
917773771191
373119737371
333391339133
977797939333
791913911779
777339131971
171399931191
191139113397
777777931733
773133313199
937377933977
333131331133
331331111339
313331733371
737337191713
733713971131
311379337933
797977171191
399191791797
117971133331
199791737713
319791399133
397397193711
791773391977
171179931313
