100
991331339372
137797331992
393337737732
191991739712
391713799772
713137397792
391999391992
379197317792
317771371992
393399793172
331997773912
713131133132
179793937912
931371117112
937711397112
799733133132
999377119172
311719391912
993391397372
739999731972
911193193972
393911737732
191339333992
713331977312
713913979192
371933793912
733399739192
393973379992
919777331132
119173999992
731399133112
317339371132
993979119712
173331391372
397793713792
331117171992
933793391332
913933999192
999979791972
313199713172
771919317712
117171111792
739993119932
979377919712
797373371792
313193391132
939377773192
973377779192
731371371392
937117779172
991939919332
317191991392
199731733772
939799331172
931379313932
313197379992
991179179392
311119913112
933111331132
917937393192
773337399332
173719373912
111773191112
931931919172
111937773712
779393339712
737799999732
377993379772
371971991332
391739333732
337973119972
119937179792
131137111732
313971193172
111139779392
339171199132
911971917712
993719993712
177999379792
177331373792
173393313312
733777199392
919979931192
797313197932
917917917732
977199971772
719131193392
911991131372
313337379312
317399731372
377911919772
991173777332
117373177312
739379771332
797777797992
317313317732
939397117712
973173711712
177799199312
133999399172
