99
779912
119112
739732
331332
717332
337112
371932
339172
913732
719912
799972
971712
313932
997932
191192
113712
799332
137972
117192
313912
737172
313992
131992
171332
337712
319312
977392
733172
937112
317932
973792
171992
771332
997192
739732
713732
977772
117792
711992
737392
317372
131112
777792
339772
339312
733172
737712
139312
131932
319932
193312
193992
117332
919312
379712
993792
933392
199712
397772
397712
739932
137172
117712
173912
997312
391112
937372
933332
197932
133332
713132
391332
779312
979932
313312
131192
193932
179992
317712
319912
337972
931372
913112
733312
771792
339912
339332
391972
313192
331132
737932
331932
793992
773972
933192
931372
139192
117772
133332
