100
339193773993
997911391171
993771979991
191197373773
197133973139
177111139391
971179973777
973773917371
931171931113
913773979977
179319993771
119733139393
399399317179
791731793913
331339791133
971339177199
399391777911
337311933137
973739779973
971919197777
193717733379
379711979733
191191373997
999779139993
711931139739
717371913799
179731199977
197377979719
917771737111
993399337319
777773193977
399339931997
913391779717
337139319993
973913971179
139177993331
313779799179
973993739799
777371777717
173713939377
139313113737
931133331313
333173197779
337797717911
737131171919
913179939379
973393797911
119377719911
117377193913
913979791331
117319773797
737999931373
773977377193
199111797177
993313793917
939793939371
917773773317
317977933337
739337799333
993391731791
979379119991
977991319137
919731333119
373339793793
737317333791
119137117979
997133191177
777199911779
917113913713
773993973197
999191991719
337717337791
317173393391
333191939713
379319333397
117971997313
377393733713
731131779137
779131311777
917177311993
919173319979
939939199111
377979737717
793373171939
371793731731
731191711377
713113137393
379977733773
393911939991
917939931977
193911911733
737113773319
111999331919
311933197917
113999171111
171779931939
931191797971
331137719319
133131311177
377933399777
