100
77799137
11931737
13399933
11799771
73773373
93117993
77991113
11979919
11111937
93999711
73191977
99117793
71931771
77777333
31177193
37991979
73371133
73197917
13313997
91777991
97399373
79773337
99999131
37779311
33737993
93977931
11913931
93933973
13919731
91739197
37977131
19133137
93913119
19139397
97797937
19919337
17713371
19119713
71939139
33731771
93333399
33197111
19931391
17739177
73197999
11993971
13733793
37979997
13371797
33117779
11391179
17113991
39731799
13339393
73379917
19979337
91979199
11319379
77337739
97917391
97997191
99197791
93779379
91913739
37197179
37791771
13931911
77377773
31939371
97139373
73913797
99779399
19937311
39391317
39113111
77379311
73799333
91337717
93977993
31317711
93373391
13177793
11911739
37311793
13119311
13771377
31717179
73179177
97399339
37193131
93333393
99911137
19731371
33377993
97379331
19171993
33979339
93379911
99339919
93131331
